1.0000e-02     1.0000e-02     1.0000e+00
2.0000e-02     1.9814e-02     9.6286e-01
3.0000e-02     2.9260e-02     9.2656e-01
4.0000e-02     3.8348e-02     8.9120e-01
5.0000e-02     4.7087e-02     8.5680e-01
6.0000e-02     5.5487e-02     8.2334e-01
7.0000e-02     6.3557e-02     7.9082e-01
8.0000e-02     7.1307e-02     7.5921e-01
9.0000e-02     7.8744e-02     7.2850e-01
1.0000e-01     8.5880e-02     6.9866e-01
1.1000e-01     9.2721e-02     6.6968e-01
1.2000e-01     9.9276e-02     6.4153e-01
1.3000e-01     1.0555e-01     6.1420e-01
1.4000e-01     1.1156e-01     5.8766e-01
1.5000e-01     1.1731e-01     5.6189e-01
1.6000e-01     1.2280e-01     5.3688e-01
1.7000e-01     1.2805e-01     5.1261e-01
1.8000e-01     1.3306e-01     4.8906e-01
1.9000e-01     1.3783e-01     4.6620e-01
2.0000e-01     1.4238e-01     4.4403e-01
2.1000e-01     1.4672e-01     4.2253e-01
2.2000e-01     1.5084e-01     4.0167e-01
2.3000e-01     1.5475e-01     3.8144e-01
2.4000e-01     1.5847e-01     3.6183e-01
2.5000e-01     1.6199e-01     3.4282e-01
2.6000e-01     1.6533e-01     3.2439e-01
2.7000e-01     1.6848e-01     3.0653e-01
2.8000e-01     1.7146e-01     2.8922e-01
2.9000e-01     1.7427e-01     2.7246e-01
3.0000e-01     1.7691e-01     2.5621e-01
3.1000e-01     1.7939e-01     2.4049e-01
3.2000e-01     1.8172e-01     2.2526e-01
3.3000e-01     1.8390e-01     2.1051e-01
3.4000e-01     1.8593e-01     1.9624e-01
3.5000e-01     1.8782e-01     1.8242e-01
3.6000e-01     1.8958e-01     1.6906e-01
3.7000e-01     1.9121e-01     1.5613e-01
3.8000e-01     1.9271e-01     1.4363e-01
3.9000e-01     1.9408e-01     1.3153e-01
4.0000e-01     1.9534e-01     1.1984e-01
4.1000e-01     1.9648e-01     1.0855e-01
4.2000e-01     1.9751e-01     9.7627e-02
4.3000e-01     1.9843e-01     8.7079e-02
4.4000e-01     1.9925e-01     7.6892e-02
4.5000e-01     1.9997e-01     6.7055e-02
4.6000e-01     2.0060e-01     5.7559e-02
4.7000e-01     2.0112e-01     4.8395e-02
4.8000e-01     2.0156e-01     3.9554e-02
4.9000e-01     2.0192e-01     3.1026e-02
5.0000e-01     2.0219e-01     2.2803e-02
5.1000e-01     2.0237e-01     1.4877e-02
5.2000e-01     2.0248e-01     7.2397e-03
5.3000e-01     2.0252e-01    -1.1727e-04
5.4000e-01     2.0248e-01    -7.2016e-03
5.5000e-01     2.0238e-01    -1.4021e-02
5.6000e-01     2.0220e-01    -2.0583e-02
5.7000e-01     2.0197e-01    -2.6894e-02
5.8000e-01     2.0167e-01    -3.2962e-02
5.9000e-01     2.0131e-01    -3.8793e-02
6.0000e-01     2.0089e-01    -4.4395e-02
6.1000e-01     2.0042e-01    -4.9774e-02
6.2000e-01     1.9990e-01    -5.4936e-02
6.3000e-01     1.9932e-01    -5.9888e-02
6.4000e-01     1.9870e-01    -6.4635e-02
6.5000e-01     1.9803e-01    -6.9183e-02
6.6000e-01     1.9732e-01    -7.3539e-02
6.7000e-01     1.9656e-01    -7.7707e-02
6.8000e-01     1.9576e-01    -8.1694e-02
6.9000e-01     1.9493e-01    -8.5504e-02
7.0000e-01     1.9405e-01    -8.9144e-02
7.1000e-01     1.9314e-01    -9.2617e-02
7.2000e-01     1.9220e-01    -9.5929e-02
7.3000e-01     1.9123e-01    -9.9085e-02
7.4000e-01     1.9022e-01    -1.0209e-01
7.5000e-01     1.8918e-01    -1.0495e-01
7.6000e-01     1.8812e-01    -1.0766e-01
7.7000e-01     1.8703e-01    -1.1024e-01
7.8000e-01     1.8592e-01    -1.1268e-01
7.9000e-01     1.8478e-01    -1.1499e-01
8.0000e-01     1.8362e-01    -1.1718e-01
8.1000e-01     1.8244e-01    -1.1924e-01
8.2000e-01     1.8123e-01    -1.2119e-01
8.3000e-01     1.8001e-01    -1.2302e-01
8.4000e-01     1.7877e-01    -1.2474e-01
8.5000e-01     1.7752e-01    -1.2635e-01
8.6000e-01     1.7625e-01    -1.2786e-01
8.7000e-01     1.7496e-01    -1.2927e-01
8.8000e-01     1.7366e-01    -1.3058e-01
8.9000e-01     1.7235e-01    -1.3179e-01
9.0000e-01     1.7103e-01    -1.3292e-01
9.1000e-01     1.6969e-01    -1.3396e-01
9.2000e-01     1.6835e-01    -1.3491e-01
9.3000e-01     1.6699e-01    -1.3578e-01
9.4000e-01     1.6563e-01    -1.3657e-01
9.5000e-01     1.6426e-01    -1.3728e-01
9.6000e-01     1.6289e-01    -1.3792e-01
9.7000e-01     1.6150e-01    -1.3848e-01
9.8000e-01     1.6012e-01    -1.3898e-01
9.9000e-01     1.5873e-01    -1.3941e-01
1.0000e+00     1.5733e-01    -1.3977e-01
1.0100e+00     1.5593e-01    -1.4008e-01
1.0200e+00     1.5453e-01    -1.4032e-01
1.0300e+00     1.5312e-01    -1.4050e-01
1.0400e+00     1.5172e-01    -1.4063e-01
1.0500e+00     1.5031e-01    -1.4070e-01
1.0600e+00     1.4890e-01    -1.4073e-01
1.0700e+00     1.4750e-01    -1.4070e-01
1.0800e+00     1.4609e-01    -1.4062e-01
1.0900e+00     1.4469e-01    -1.4050e-01
1.1000e+00     1.4328e-01    -1.4033e-01
1.1100e+00     1.4188e-01    -1.4012e-01
1.1200e+00     1.4048e-01    -1.3987e-01
1.1300e+00     1.3908e-01    -1.3958e-01
1.1400e+00     1.3769e-01    -1.3925e-01
1.1500e+00     1.3630e-01    -1.3888e-01
1.1600e+00     1.3491e-01    -1.3848e-01
1.1700e+00     1.3353e-01    -1.3805e-01
1.1800e+00     1.3215e-01    -1.3758e-01
1.1900e+00     1.3078e-01    -1.3708e-01
1.2000e+00     1.2941e-01    -1.3656e-01
1.2100e+00     1.2804e-01    -1.3600e-01
1.2200e+00     1.2669e-01    -1.3542e-01
1.2300e+00     1.2534e-01    -1.3481e-01
1.2400e+00     1.2399e-01    -1.3418e-01
1.2500e+00     1.2265e-01    -1.3352e-01
1.2600e+00     1.2132e-01    -1.3284e-01
1.2700e+00     1.2000e-01    -1.3214e-01
1.2800e+00     1.1868e-01    -1.3142e-01
1.2900e+00     1.1737e-01    -1.3068e-01
1.3000e+00     1.1606e-01    -1.2992e-01
1.3100e+00     1.1477e-01    -1.2915e-01
1.3200e+00     1.1348e-01    -1.2835e-01
1.3300e+00     1.1220e-01    -1.2755e-01
1.3400e+00     1.1093e-01    -1.2672e-01
1.3500e+00     1.0967e-01    -1.2589e-01
1.3600e+00     1.0841e-01    -1.2504e-01
1.3700e+00     1.0717e-01    -1.2418e-01
1.3800e+00     1.0593e-01    -1.2330e-01
1.3900e+00     1.0470e-01    -1.2242e-01
1.4000e+00     1.0348e-01    -1.2153e-01
1.4100e+00     1.0227e-01    -1.2062e-01
1.4200e+00     1.0107e-01    -1.1971e-01
1.4300e+00     9.9876e-02    -1.1879e-01
1.4400e+00     9.8693e-02    -1.1786e-01
1.4500e+00     9.7519e-02    -1.1693e-01
1.4600e+00     9.6355e-02    -1.1599e-01
1.4700e+00     9.5200e-02    -1.1504e-01
1.4800e+00     9.4054e-02    -1.1409e-01
1.4900e+00     9.2918e-02    -1.1313e-01
1.5000e+00     9.1791e-02    -1.1217e-01
1.5100e+00     9.0674e-02    -1.1121e-01
1.5200e+00     8.9567e-02    -1.1024e-01
1.5300e+00     8.8470e-02    -1.0927e-01
1.5400e+00     8.7382e-02    -1.0830e-01
1.5500e+00     8.6304e-02    -1.0732e-01
1.5600e+00     8.5235e-02    -1.0635e-01
1.5700e+00     8.4177e-02    -1.0537e-01
1.5800e+00     8.3128e-02    -1.0439e-01
1.5900e+00     8.2089e-02    -1.0341e-01
1.6000e+00     8.1060e-02    -1.0244e-01
1.6100e+00     8.0040e-02    -1.0146e-01
1.6200e+00     7.9031e-02    -1.0048e-01
1.6300e+00     7.8031e-02    -9.9505e-02
1.6400e+00     7.7040e-02    -9.8531e-02
1.6500e+00     7.6060e-02    -9.7558e-02
1.6600e+00     7.5089e-02    -9.6587e-02
1.6700e+00     7.4128e-02    -9.5618e-02
1.6800e+00     7.3177e-02    -9.4652e-02
1.6900e+00     7.2235e-02    -9.3688e-02
1.7000e+00     7.1303e-02    -9.2728e-02
1.7100e+00     7.0381e-02    -9.1770e-02
1.7200e+00     6.9468e-02    -9.0816e-02
1.7300e+00     6.8564e-02    -8.9865e-02
1.7400e+00     6.7670e-02    -8.8918e-02
1.7500e+00     6.6786e-02    -8.7976e-02
1.7600e+00     6.5911e-02    -8.7037e-02
1.7700e+00     6.5045e-02    -8.6102e-02
1.7800e+00     6.4189e-02    -8.5172e-02
1.7900e+00     6.3342e-02    -8.4247e-02
1.8000e+00     6.2504e-02    -8.3327e-02
1.8100e+00     6.1675e-02    -8.2411e-02
1.8200e+00     6.0856e-02    -8.1501e-02
1.8300e+00     6.0045e-02    -8.0595e-02
1.8400e+00     5.9244e-02    -7.9695e-02
1.8500e+00     5.8451e-02    -7.8801e-02
1.8600e+00     5.7668e-02    -7.7912e-02
1.8700e+00     5.6893e-02    -7.7029e-02
1.8800e+00     5.6127e-02    -7.6151e-02
1.8900e+00     5.5370e-02    -7.5280e-02
1.9000e+00     5.4621e-02    -7.4414e-02
1.9100e+00     5.3882e-02    -7.3554e-02
1.9200e+00     5.3150e-02    -7.2701e-02
1.9300e+00     5.2428e-02    -7.1853e-02
1.9400e+00     5.1713e-02    -7.1012e-02
1.9500e+00     5.1007e-02    -7.0178e-02
1.9600e+00     5.0310e-02    -6.9349e-02
1.9700e+00     4.9620e-02    -6.8527e-02
1.9800e+00     4.8939e-02    -6.7712e-02
1.9900e+00     4.8266e-02    -6.6903e-02
2.0000e+00     4.7601e-02    -6.6100e-02
2.0100e+00     4.6944e-02    -6.5304e-02
2.0200e+00     4.6295e-02    -6.4515e-02
2.0300e+00     4.5654e-02    -6.3733e-02
2.0400e+00     4.5020e-02    -6.2957e-02
2.0500e+00     4.4395e-02    -6.2188e-02
2.0600e+00     4.3777e-02    -6.1425e-02
2.0700e+00     4.3166e-02    -6.0669e-02
2.0800e+00     4.2563e-02    -5.9921e-02
2.0900e+00     4.1968e-02    -5.9178e-02
2.1000e+00     4.1379e-02    -5.8443e-02
2.1100e+00     4.0799e-02    -5.7714e-02
2.1200e+00     4.0225e-02    -5.6993e-02
2.1300e+00     3.9659e-02    -5.6278e-02
2.1400e+00     3.9100e-02    -5.5570e-02
2.1500e+00     3.8547e-02    -5.4868e-02
2.1600e+00     3.8002e-02    -5.4174e-02
2.1700e+00     3.7464e-02    -5.3486e-02
2.1800e+00     3.6932e-02    -5.2805e-02
2.1900e+00     3.6408e-02    -5.2130e-02
2.2000e+00     3.5890e-02    -5.1463e-02
2.2100e+00     3.5379e-02    -5.0802e-02
2.2200e+00     3.4874e-02    -5.0148e-02
2.2300e+00     3.4376e-02    -4.9500e-02
2.2400e+00     3.3884e-02    -4.8859e-02
2.2500e+00     3.3398e-02    -4.8225e-02
2.2600e+00     3.2919e-02    -4.7598e-02
2.2700e+00     3.2446e-02    -4.6977e-02
2.2800e+00     3.1980e-02    -4.6362e-02
2.2900e+00     3.1519e-02    -4.5754e-02
2.3000e+00     3.1065e-02    -4.5153e-02
2.3100e+00     3.0616e-02    -4.4558e-02
2.3200e+00     3.0173e-02    -4.3970e-02
2.3300e+00     2.9737e-02    -4.3388e-02
2.3400e+00     2.9306e-02    -4.2812e-02
2.3500e+00     2.8880e-02    -4.2243e-02
2.3600e+00     2.8461e-02    -4.1680e-02
2.3700e+00     2.8047e-02    -4.1123e-02
2.3800e+00     2.7638e-02    -4.0572e-02
2.3900e+00     2.7235e-02    -4.0028e-02
2.4000e+00     2.6838e-02    -3.9490e-02
2.4100e+00     2.6445e-02    -3.8958e-02
2.4200e+00     2.6059e-02    -3.8432e-02
2.4300e+00     2.5677e-02    -3.7912e-02
2.4400e+00     2.5300e-02    -3.7398e-02
2.4500e+00     2.4929e-02    -3.6890e-02
2.4600e+00     2.4562e-02    -3.6388e-02
2.4700e+00     2.4201e-02    -3.5891e-02
2.4800e+00     2.3845e-02    -3.5401e-02
2.4900e+00     2.3493e-02    -3.4916e-02
2.5000e+00     2.3146e-02    -3.4437e-02
2.5100e+00     2.2804e-02    -3.3964e-02
2.5200e+00     2.2467e-02    -3.3496e-02
2.5300e+00     2.2134e-02    -3.3034e-02
2.5400e+00     2.1806e-02    -3.2578e-02
2.5500e+00     2.1483e-02    -3.2127e-02
2.5600e+00     2.1164e-02    -3.1681e-02
2.5700e+00     2.0849e-02    -3.1241e-02
2.5800e+00     2.0539e-02    -3.0806e-02
2.5900e+00     2.0233e-02    -3.0377e-02
2.6000e+00     1.9931e-02    -2.9953e-02
2.6100e+00     1.9634e-02    -2.9534e-02
2.6200e+00     1.9341e-02    -2.9120e-02
2.6300e+00     1.9051e-02    -2.8711e-02
2.6400e+00     1.8766e-02    -2.8308e-02
2.6500e+00     1.8485e-02    -2.7909e-02
2.6600e+00     1.8208e-02    -2.7515e-02
2.6700e+00     1.7935e-02    -2.7127e-02
2.6800e+00     1.7666e-02    -2.6743e-02
2.6900e+00     1.7400e-02    -2.6364e-02
2.7000e+00     1.7138e-02    -2.5990e-02
2.7100e+00     1.6880e-02    -2.5621e-02
2.7200e+00     1.6626e-02    -2.5256e-02
2.7300e+00     1.6375e-02    -2.4896e-02
2.7400e+00     1.6128e-02    -2.4541e-02
2.7500e+00     1.5884e-02    -2.4190e-02
2.7600e+00     1.5644e-02    -2.3843e-02
2.7700e+00     1.5407e-02    -2.3502e-02
2.7800e+00     1.5174e-02    -2.3164e-02
2.7900e+00     1.4944e-02    -2.2831e-02
2.8000e+00     1.4717e-02    -2.2502e-02
2.8100e+00     1.4494e-02    -2.2178e-02
2.8200e+00     1.4274e-02    -2.1858e-02
2.8300e+00     1.4057e-02    -2.1542e-02
2.8400e+00     1.3843e-02    -2.1230e-02
2.8500e+00     1.3632e-02    -2.0922e-02
2.8600e+00     1.3425e-02    -2.0618e-02
2.8700e+00     1.3220e-02    -2.0319e-02
2.8800e+00     1.3018e-02    -2.0023e-02
2.8900e+00     1.2819e-02    -1.9731e-02
2.9000e+00     1.2624e-02    -1.9443e-02
2.9100e+00     1.2431e-02    -1.9159e-02
2.9200e+00     1.2240e-02    -1.8879e-02
2.9300e+00     1.2053e-02    -1.8602e-02
2.9400e+00     1.1868e-02    -1.8329e-02
2.9500e+00     1.1686e-02    -1.8060e-02
2.9600e+00     1.1507e-02    -1.7795e-02
2.9700e+00     1.1331e-02    -1.7533e-02
2.9800e+00     1.1156e-02    -1.7274e-02
2.9900e+00     1.0985e-02    -1.7019e-02
3.0000e+00     1.0816e-02    -1.6768e-02
3.0100e+00     1.0650e-02    -1.6520e-02
3.0200e+00     1.0486e-02    -1.6275e-02
3.0300e+00     1.0324e-02    -1.6034e-02
3.0400e+00     1.0165e-02    -1.5796e-02
3.0500e+00     1.0008e-02    -1.5561e-02
3.0600e+00     9.8537e-03    -1.5329e-02
3.0700e+00     9.7016e-03    -1.5101e-02
3.0800e+00     9.5517e-03    -1.4876e-02
3.0900e+00     9.4041e-03    -1.4654e-02
3.1000e+00     9.2586e-03    -1.4435e-02
3.1100e+00     9.1154e-03    -1.4219e-02
3.1200e+00     8.9742e-03    -1.4006e-02
3.1300e+00     8.8352e-03    -1.3795e-02
3.1400e+00     8.6983e-03    -1.3588e-02
3.1500e+00     8.5635e-03    -1.3384e-02
3.1600e+00     8.4306e-03    -1.3183e-02
3.1700e+00     8.2998e-03    -1.2984e-02
3.1800e+00     8.1710e-03    -1.2788e-02
3.1900e+00     8.0440e-03    -1.2595e-02
3.2000e+00     7.9190e-03    -1.2404e-02
3.2100e+00     7.7959e-03    -1.2217e-02
3.2200e+00     7.6747e-03    -1.2032e-02
3.2300e+00     7.5553e-03    -1.1849e-02
3.2400e+00     7.4377e-03    -1.1669e-02
3.2500e+00     7.3219e-03    -1.1492e-02
3.2600e+00     7.2079e-03    -1.1317e-02
3.2700e+00     7.0956e-03    -1.1144e-02
3.2800e+00     6.9850e-03    -1.0974e-02
3.2900e+00     6.8761e-03    -1.0807e-02
3.3000e+00     6.7688e-03    -1.0641e-02
3.3100e+00     6.6632e-03    -1.0479e-02
3.3200e+00     6.5593e-03    -1.0318e-02
3.3300e+00     6.4569e-03    -1.0160e-02
3.3400e+00     6.3561e-03    -1.0004e-02
3.3500e+00     6.2568e-03    -9.8498e-03
3.3600e+00     6.1591e-03    -9.6982e-03
3.3700e+00     6.0628e-03    -9.5487e-03
3.3800e+00     5.9681e-03    -9.4014e-03
3.3900e+00     5.8748e-03    -9.2562e-03
3.4000e+00     5.7829e-03    -9.1131e-03
3.4100e+00     5.6925e-03    -8.9720e-03
3.4200e+00     5.6035e-03    -8.8329e-03
3.4300e+00     5.5159e-03    -8.6959e-03
3.4400e+00     5.4296e-03    -8.5608e-03
3.4500e+00     5.3446e-03    -8.4276e-03
3.4600e+00     5.2610e-03    -8.2964e-03
3.4700e+00     5.1787e-03    -8.1670e-03
3.4800e+00     5.0977e-03    -8.0395e-03
3.4900e+00     5.0179e-03    -7.9139e-03
3.5000e+00     4.9394e-03    -7.7900e-03
3.5100e+00     4.8621e-03    -7.6680e-03
3.5200e+00     4.7860e-03    -7.5477e-03
3.5300e+00     4.7111e-03    -7.4291e-03
3.5400e+00     4.6374e-03    -7.3123e-03
3.5500e+00     4.5649e-03    -7.1971e-03
3.5600e+00     4.4935e-03    -7.0836e-03
3.5700e+00     4.4232e-03    -6.9718e-03
3.5800e+00     4.3541e-03    -6.8615e-03
3.5900e+00     4.2860e-03    -6.7529e-03
3.6000e+00     4.2190e-03    -6.6458e-03
3.6100e+00     4.1531e-03    -6.5403e-03
3.6200e+00     4.0882e-03    -6.4363e-03
3.6300e+00     4.0243e-03    -6.3339e-03
3.6400e+00     3.9615e-03    -6.2329e-03
3.6500e+00     3.8997e-03    -6.1334e-03
3.6600e+00     3.8388e-03    -6.0353e-03
3.6700e+00     3.7790e-03    -5.9386e-03
3.6800e+00     3.7200e-03    -5.8434e-03
3.6900e+00     3.6621e-03    -5.7495e-03
3.7000e+00     3.6050e-03    -5.6570e-03
3.7100e+00     3.5489e-03    -5.5658e-03
3.7200e+00     3.4937e-03    -5.4760e-03
3.7300e+00     3.4394e-03    -5.3874e-03
3.7400e+00     3.3860e-03    -5.3002e-03
3.7500e+00     3.3334e-03    -5.2142e-03
3.7600e+00     3.2817e-03    -5.1294e-03
3.7700e+00     3.2308e-03    -5.0459e-03
3.7800e+00     3.1808e-03    -4.9636e-03
3.7900e+00     3.1315e-03    -4.8824e-03
3.8000e+00     3.0831e-03    -4.8025e-03
3.8100e+00     3.0355e-03    -4.7237e-03
3.8200e+00     2.9886e-03    -4.6460e-03
3.8300e+00     2.9426e-03    -4.5695e-03
3.8400e+00     2.8972e-03    -4.4941e-03
3.8500e+00     2.8527e-03    -4.4197e-03
3.8600e+00     2.8088e-03    -4.3464e-03
3.8700e+00     2.7657e-03    -4.2742e-03
3.8800e+00     2.7234e-03    -4.2030e-03
3.8900e+00     2.6817e-03    -4.1329e-03
3.9000e+00     2.6407e-03    -4.0637e-03
3.9100e+00     2.6004e-03    -3.9956e-03
3.9200e+00     2.5608e-03    -3.9284e-03
3.9300e+00     2.5218e-03    -3.8622e-03
3.9400e+00     2.4835e-03    -3.7969e-03
3.9500e+00     2.4459e-03    -3.7325e-03
3.9600e+00     2.4089e-03    -3.6691e-03
3.9700e+00     2.3725e-03    -3.6066e-03
3.9800e+00     2.3367e-03    -3.5449e-03
3.9900e+00     2.3016e-03    -3.4841e-03
4.0000e+00     2.2671e-03    -3.4242e-03
4.0100e+00     2.2331e-03    -3.3651e-03
4.0200e+00     2.1998e-03    -3.3069e-03
4.0300e+00     2.1670e-03    -3.2495e-03
4.0400e+00     2.1348e-03    -3.1929e-03
4.0500e+00     2.1031e-03    -3.1370e-03
4.0600e+00     2.0720e-03    -3.0820e-03
4.0700e+00     2.0415e-03    -3.0277e-03
4.0800e+00     2.0115e-03    -2.9742e-03
4.0900e+00     1.9820e-03    -2.9214e-03
4.1000e+00     1.9530e-03    -2.8693e-03
4.1100e+00     1.9246e-03    -2.8180e-03
4.1200e+00     1.8967e-03    -2.7674e-03
4.1300e+00     1.8692e-03    -2.7174e-03
4.1400e+00     1.8423e-03    -2.6681e-03
4.1500e+00     1.8159e-03    -2.6195e-03
4.1600e+00     1.7899e-03    -2.5716e-03
4.1700e+00     1.7644e-03    -2.5243e-03
4.1800e+00     1.7394e-03    -2.4776e-03
4.1900e+00     1.7149e-03    -2.4316e-03
4.2000e+00     1.6908e-03    -2.3861e-03
4.2100e+00     1.6672e-03    -2.3413e-03
4.2200e+00     1.6440e-03    -2.2971e-03
4.2300e+00     1.6212e-03    -2.2534e-03
4.2400e+00     1.5989e-03    -2.2103e-03
4.2500e+00     1.5770e-03    -2.1678e-03
4.2600e+00     1.5556e-03    -2.1258e-03
4.2700e+00     1.5345e-03    -2.0843e-03
4.2800e+00     1.5139e-03    -2.0434e-03
4.2900e+00     1.4936e-03    -2.0030e-03
4.3000e+00     1.4738e-03    -1.9631e-03
4.3100e+00     1.4544e-03    -1.9237e-03
4.3200e+00     1.4353e-03    -1.8848e-03
4.3300e+00     1.4167e-03    -1.8464e-03
4.3400e+00     1.3984e-03    -1.8084e-03
4.3500e+00     1.3805e-03    -1.7709e-03
4.3600e+00     1.3630e-03    -1.7339e-03
4.3700e+00     1.3458e-03    -1.6972e-03
4.3800e+00     1.3290e-03    -1.6611e-03
4.3900e+00     1.3126e-03    -1.6253e-03
4.4000e+00     1.2965e-03    -1.5900e-03
4.4100e+00     1.2808e-03    -1.5550e-03
4.4200e+00     1.2654e-03    -1.5205e-03
4.4300e+00     1.2504e-03    -1.4863e-03
4.4400e+00     1.2357e-03    -1.4526e-03
4.4500e+00     1.2213e-03    -1.4192e-03
4.4600e+00     1.2073e-03    -1.3861e-03
4.4700e+00     1.1936e-03    -1.3535e-03
4.4800e+00     1.1802e-03    -1.3211e-03
4.4900e+00     1.1672e-03    -1.2891e-03
4.5000e+00     1.1545e-03    -1.2575e-03
4.5100e+00     1.1420e-03    -1.2261e-03
4.5200e+00     1.1299e-03    -1.1951e-03
4.5300e+00     1.1181e-03    -1.1643e-03
4.5400e+00     1.1066e-03    -1.1339e-03
4.5500e+00     1.0955e-03    -1.1038e-03
4.5600e+00     1.0846e-03    -1.0739e-03
4.5700e+00     1.0740e-03    -1.0443e-03
4.5800e+00     1.0637e-03    -1.0150e-03
4.5900e+00     1.0537e-03    -9.8596e-04
4.6000e+00     1.0440e-03    -9.5715e-04
4.6100e+00     1.0345e-03    -9.2859e-04
4.6200e+00     1.0254e-03    -9.0026e-04
4.6300e+00     1.0165e-03    -8.7217e-04
4.6400e+00     1.0079e-03    -8.4430e-04
4.6500e+00     9.9964e-04    -8.1664e-04
4.6600e+00     9.9161e-04    -7.8919e-04
4.6700e+00     9.8385e-04    -7.6194e-04
4.6800e+00     9.7637e-04    -7.3488e-04
4.6900e+00     9.6915e-04    -7.0801e-04
4.7000e+00     9.6221e-04    -6.8132e-04
4.7100e+00     9.5553e-04    -6.5480e-04
4.7200e+00     9.4911e-04    -6.2845e-04
4.7300e+00     9.4296e-04    -6.0225e-04
4.7400e+00     9.3707e-04    -5.7620e-04
4.7500e+00     9.3143e-04    -5.5030e-04
4.7600e+00     9.2606e-04    -5.2454e-04
4.7700e+00     9.2094e-04    -4.9890e-04
4.7800e+00     9.1608e-04    -4.7339e-04
4.7900e+00     9.1147e-04    -4.4800e-04
4.8000e+00     9.0712e-04    -4.2271e-04
4.8100e+00     9.0302e-04    -3.9753e-04
4.8200e+00     8.9917e-04    -3.7244e-04
4.8300e+00     8.9557e-04    -3.4744e-04
4.8400e+00     8.9222e-04    -3.2253e-04
4.8500e+00     8.8912e-04    -2.9769e-04
4.8600e+00     8.8627e-04    -2.7291e-04
4.8700e+00     8.8366e-04    -2.4821e-04
4.8800e+00     8.8130e-04    -2.2355e-04
4.8900e+00     8.7919e-04    -1.9895e-04
4.9000e+00     8.7732e-04    -1.7438e-04
4.9100e+00     8.7570e-04    -1.4985e-04
4.9200e+00     8.7433e-04    -1.2535e-04
4.9300e+00     8.7319e-04    -1.0087e-04
4.9400e+00     8.7231e-04    -7.6408e-05
4.9500e+00     8.7167e-04    -5.1951e-05
4.9600e+00     8.7127e-04    -2.7495e-05
4.9700e+00     8.7112e-04    -3.0341e-06
4.9800e+00     8.7121e-04     2.1440e-05
4.9900e+00     8.7155e-04     4.5933e-05
5.0000e+00     8.7213e-04     7.0452e-05
5.0100e+00     8.7295e-04     9.5004e-05
5.0200e+00     8.7403e-04     1.1960e-04
5.0300e+00     8.7535e-04     1.4424e-04
5.0400e+00     8.7691e-04     1.6893e-04
5.0500e+00     8.7873e-04     1.9368e-04
5.0600e+00     8.8079e-04     2.1850e-04
5.0700e+00     8.8310e-04     2.4340e-04
5.0800e+00     8.8565e-04     2.6838e-04
5.0900e+00     8.8846e-04     2.9344e-04
5.1000e+00     8.9152e-04     3.1860e-04
5.1100e+00     8.9484e-04     3.4387e-04
5.1200e+00     8.9840e-04     3.6924e-04
5.1300e+00     9.0222e-04     3.9474e-04
5.1400e+00     9.0630e-04     4.2036e-04
5.1500e+00     9.1063e-04     4.4610e-04
5.1600e+00     9.1522e-04     4.7199e-04
5.1700e+00     9.2007e-04     4.9803e-04
5.1800e+00     9.2518e-04     5.2422e-04
5.1900e+00     9.3055e-04     5.5057e-04
5.2000e+00     9.3619e-04     5.7710e-04
5.2100e+00     9.4210e-04     6.0379e-04
5.2200e+00     9.4827e-04     6.3068e-04
5.2300e+00     9.5471e-04     6.5775e-04
5.2400e+00     9.6142e-04     6.8503e-04
5.2500e+00     9.6841e-04     7.1252e-04
5.2600e+00     9.7568e-04     7.4022e-04
5.2700e+00     9.8322e-04     7.6814e-04
5.2800e+00     9.9104e-04     7.9630e-04
5.2900e+00     9.9914e-04     8.2470e-04
5.3000e+00     1.0075e-03     8.5335e-04
5.3100e+00     1.0162e-03     8.8225e-04
5.3200e+00     1.0252e-03     9.1143e-04
5.3300e+00     1.0344e-03     9.4087e-04
5.3400e+00     1.0440e-03     9.7060e-04
5.3500e+00     1.0539e-03     1.0006e-03
5.3600e+00     1.0640e-03     1.0309e-03
5.3700e+00     1.0745e-03     1.0616e-03
5.3800e+00     1.0852e-03     1.0925e-03
5.3900e+00     1.0963e-03     1.1238e-03
5.4000e+00     1.1077e-03     1.1554e-03
5.4100e+00     1.1194e-03     1.1874e-03
5.4200e+00     1.1315e-03     1.2197e-03
5.4300e+00     1.1438e-03     1.2523e-03
5.4400e+00     1.1565e-03     1.2854e-03
5.4500e+00     1.1695e-03     1.3188e-03
5.4600e+00     1.1829e-03     1.3527e-03
5.4700e+00     1.1966e-03     1.3869e-03
5.4800e+00     1.2106e-03     1.4216e-03
5.4900e+00     1.2250e-03     1.4566e-03
5.5000e+00     1.2398e-03     1.4921e-03
5.5100e+00     1.2549e-03     1.5281e-03
5.5200e+00     1.2703e-03     1.5645e-03
5.5300e+00     1.2862e-03     1.6014e-03
5.5400e+00     1.3024e-03     1.6387e-03
5.5500e+00     1.3189e-03     1.6766e-03
5.5600e+00     1.3359e-03     1.7149e-03
5.5700e+00     1.3532e-03     1.7538e-03
5.5800e+00     1.3710e-03     1.7932e-03
5.5900e+00     1.3891e-03     1.8331e-03
5.6000e+00     1.4076e-03     1.8735e-03
5.6100e+00     1.4266e-03     1.9146e-03
5.6200e+00     1.4459e-03     1.9561e-03
5.6300e+00     1.4657e-03     1.9983e-03
5.6400e+00     1.4859e-03     2.0411e-03
5.6500e+00     1.5065e-03     2.0845e-03
5.6600e+00     1.5276e-03     2.1285e-03
5.6700e+00     1.5491e-03     2.1731e-03
5.6800e+00     1.5711e-03     2.2184e-03
5.6900e+00     1.5935e-03     2.2644e-03
5.7000e+00     1.6163e-03     2.3110e-03
5.7100e+00     1.6397e-03     2.3583e-03
5.7200e+00     1.6635e-03     2.4063e-03
5.7300e+00     1.6878e-03     2.4551e-03
5.7400e+00     1.7126e-03     2.5046e-03
5.7500e+00     1.7379e-03     2.5548e-03
5.7600e+00     1.7637e-03     2.6058e-03
5.7700e+00     1.7900e-03     2.6575e-03
5.7800e+00     1.8169e-03     2.7101e-03
5.7900e+00     1.8442e-03     2.7635e-03
5.8000e+00     1.8721e-03     2.8177e-03
5.8100e+00     1.9006e-03     2.8727e-03
5.8200e+00     1.9296e-03     2.9286e-03
5.8300e+00     1.9592e-03     2.9854e-03
5.8400e+00     1.9893e-03     3.0431e-03
5.8500e+00     2.0200e-03     3.1017e-03
5.8600e+00     2.0513e-03     3.1612e-03
5.8700e+00     2.0833e-03     3.2216e-03
5.8800e+00     2.1158e-03     3.2831e-03
5.8900e+00     2.1489e-03     3.3455e-03
5.9000e+00     2.1827e-03     3.4089e-03
5.9100e+00     2.2171e-03     3.4733e-03
5.9200e+00     2.2522e-03     3.5388e-03
5.9300e+00     2.2879e-03     3.6053e-03
5.9400e+00     2.3243e-03     3.6730e-03
5.9500e+00     2.3613e-03     3.7417e-03
5.9600e+00     2.3991e-03     3.8115e-03
5.9700e+00     2.4376e-03     3.8825e-03
5.9800e+00     2.4768e-03     3.9547e-03
5.9900e+00     2.5167e-03     4.0280e-03
6.0000e+00     2.5573e-03     4.1026e-03
6.0100e+00     2.5987e-03     4.1784e-03
6.0200e+00     2.6409e-03     4.2554e-03
6.0300e+00     2.6838e-03     4.3337e-03
6.0400e+00     2.7276e-03     4.4134e-03
6.0500e+00     2.7721e-03     4.4943e-03
6.0600e+00     2.8175e-03     4.5766e-03
6.0700e+00     2.8637e-03     4.6603e-03
6.0800e+00     2.9107e-03     4.7454e-03
6.0900e+00     2.9586e-03     4.8319e-03
6.1000e+00     3.0073e-03     4.9198e-03
6.1100e+00     3.0570e-03     5.0093e-03
6.1200e+00     3.1075e-03     5.1003e-03
6.1300e+00     3.1590e-03     5.1927e-03
6.1400e+00     3.2114e-03     5.2868e-03
6.1500e+00     3.2647e-03     5.3825e-03
6.1600e+00     3.3190e-03     5.4797e-03
6.1700e+00     3.3743e-03     5.5787e-03
6.1800e+00     3.4306e-03     5.6793e-03
6.1900e+00     3.4879e-03     5.7816e-03
6.2000e+00     3.5462e-03     5.8857e-03
6.2100e+00     3.6056e-03     5.9915e-03
6.2200e+00     3.6661e-03     6.0992e-03
6.2300e+00     3.7276e-03     6.2087e-03
6.2400e+00     3.7903e-03     6.3200e-03
6.2500e+00     3.8540e-03     6.4333e-03
6.2600e+00     3.9189e-03     6.5486e-03
6.2700e+00     3.9850e-03     6.6658e-03
6.2800e+00     4.0523e-03     6.7850e-03
6.2900e+00     4.1207e-03     6.9063e-03
6.3000e+00     4.1904e-03     7.0296e-03
6.3100e+00     4.2613e-03     7.1551e-03
6.3200e+00     4.3335e-03     7.2828e-03
6.3300e+00     4.4070e-03     7.4126e-03
6.3400e+00     4.4818e-03     7.5448e-03
6.3500e+00     4.5579e-03     7.6791e-03
6.3600e+00     4.6354e-03     7.8159e-03
6.3700e+00     4.7142e-03     7.9550e-03
6.3800e+00     4.7945e-03     8.0965e-03
6.3900e+00     4.8761e-03     8.2404e-03
6.4000e+00     4.9593e-03     8.3869e-03
6.4100e+00     5.0439e-03     8.5359e-03
6.4200e+00     5.1300e-03     8.6874e-03
6.4300e+00     5.2176e-03     8.8417e-03
6.4400e+00     5.3068e-03     8.9986e-03
6.4500e+00     5.3976e-03     9.1582e-03
6.4600e+00     5.4900e-03     9.3206e-03
6.4700e+00     5.5840e-03     9.4859e-03
6.4800e+00     5.6797e-03     9.6540e-03
6.4900e+00     5.7771e-03     9.8251e-03
6.5000e+00     5.8763e-03     9.9991e-03
6.5100e+00     5.9771e-03     1.0176e-02
6.5200e+00     6.0798e-03     1.0356e-02
6.5300e+00     6.1843e-03     1.0540e-02
6.5400e+00     6.2906e-03     1.0726e-02
6.5500e+00     6.3988e-03     1.0916e-02
6.5600e+00     6.5089e-03     1.1109e-02
6.5700e+00     6.6210e-03     1.1306e-02
6.5800e+00     6.7351e-03     1.1506e-02
6.5900e+00     6.8511e-03     1.1709e-02
6.6000e+00     6.9693e-03     1.1916e-02
6.6100e+00     7.0895e-03     1.2127e-02
6.6200e+00     7.2118e-03     1.2341e-02
6.6300e+00     7.3363e-03     1.2559e-02
6.6400e+00     7.4630e-03     1.2781e-02
6.6500e+00     7.5919e-03     1.3007e-02
6.6600e+00     7.7232e-03     1.3237e-02
6.6700e+00     7.8567e-03     1.3471e-02
6.6800e+00     7.9926e-03     1.3709e-02
6.6900e+00     8.1309e-03     1.3951e-02
6.7000e+00     8.2716e-03     1.4197e-02
6.7100e+00     8.4148e-03     1.4448e-02
6.7200e+00     8.5606e-03     1.4703e-02
6.7300e+00     8.7089e-03     1.4963e-02
6.7400e+00     8.8599e-03     1.5227e-02
6.7500e+00     9.0135e-03     1.5496e-02
6.7600e+00     9.1698e-03     1.5770e-02
6.7700e+00     9.3289e-03     1.6048e-02
6.7800e+00     9.4908e-03     1.6331e-02
6.7900e+00     9.6555e-03     1.6620e-02
6.8000e+00     9.8232e-03     1.6913e-02
6.8100e+00     9.9938e-03     1.7212e-02
6.8200e+00     1.0167e-02     1.7516e-02
6.8300e+00     1.0344e-02     1.7825e-02
6.8400e+00     1.0524e-02     1.8140e-02
6.8500e+00     1.0707e-02     1.8460e-02
6.8600e+00     1.0893e-02     1.8786e-02
6.8700e+00     1.1083e-02     1.9118e-02
6.8800e+00     1.1276e-02     1.9455e-02
6.8900e+00     1.1472e-02     1.9799e-02
6.9000e+00     1.1672e-02     2.0148e-02
6.9100e+00     1.1875e-02     2.0504e-02
6.9200e+00     1.2082e-02     2.0866e-02
6.9300e+00     1.2292e-02     2.1234e-02
6.9400e+00     1.2506e-02     2.1609e-02
6.9500e+00     1.2724e-02     2.1991e-02
6.9600e+00     1.2946e-02     2.2379e-02
6.9700e+00     1.3172e-02     2.2775e-02
6.9800e+00     1.3402e-02     2.3177e-02
6.9900e+00     1.3636e-02     2.3586e-02
7.0000e+00     1.3873e-02     2.4003e-02
7.0100e+00     1.4116e-02     2.4427e-02
7.0200e+00     1.4362e-02     2.4858e-02
7.0300e+00     1.4613e-02     2.5297e-02
7.0400e+00     1.4868e-02     2.5744e-02
7.0500e+00     1.5128e-02     2.6199e-02
7.0600e+00     1.5392e-02     2.6662e-02
7.0700e+00     1.5661e-02     2.7133e-02
7.0800e+00     1.5935e-02     2.7613e-02
7.0900e+00     1.6213e-02     2.8100e-02
7.1000e+00     1.6497e-02     2.8597e-02
7.1100e+00     1.6785e-02     2.9102e-02
7.1200e+00     1.7079e-02     2.9617e-02
7.1300e+00     1.7378e-02     3.0140e-02
7.1400e+00     1.7682e-02     3.0673e-02
7.1500e+00     1.7991e-02     3.1215e-02
7.1600e+00     1.8306e-02     3.1767e-02
7.1700e+00     1.8626e-02     3.2329e-02
7.1800e+00     1.8953e-02     3.2901e-02
7.1900e+00     1.9285e-02     3.3482e-02
7.2000e+00     1.9622e-02     3.4075e-02
7.2100e+00     1.9966e-02     3.4677e-02
7.2200e+00     2.0316e-02     3.5291e-02
7.2300e+00     2.0672e-02     3.5915e-02
7.2400e+00     2.1034e-02     3.6550e-02
7.2500e+00     2.1403e-02     3.7197e-02
7.2600e+00     2.1778e-02     3.7855e-02
7.2700e+00     2.2160e-02     3.8525e-02
7.2800e+00     2.2549e-02     3.9206e-02
7.2900e+00     2.2944e-02     3.9900e-02
7.3000e+00     2.3347e-02     4.0606e-02
7.3100e+00     2.3756e-02     4.1325e-02
7.3200e+00     2.4173e-02     4.2057e-02
7.3300e+00     2.4598e-02     4.2801e-02
7.3400e+00     2.5029e-02     4.3559e-02
7.3500e+00     2.5469e-02     4.4330e-02
7.3600e+00     2.5916e-02     4.5115e-02
7.3700e+00     2.6371e-02     4.5914e-02
7.3800e+00     2.6834e-02     4.6727e-02
7.3900e+00     2.7306e-02     4.7555e-02
7.4000e+00     2.7785e-02     4.8397e-02
7.4100e+00     2.8274e-02     4.9255e-02
7.4200e+00     2.8771e-02     5.0127e-02
7.4300e+00     2.9276e-02     5.1015e-02
7.4400e+00     2.9791e-02     5.1919e-02
7.4500e+00     3.0315e-02     5.2839e-02
7.4600e+00     3.0848e-02     5.3776e-02
7.4700e+00     3.1390e-02     5.4729e-02
7.4800e+00     3.1942e-02     5.5699e-02
7.4900e+00     3.2504e-02     5.6686e-02
7.5000e+00     3.3076e-02     5.7691e-02
7.5100e+00     3.3658e-02     5.8714e-02
7.5200e+00     3.4251e-02     5.9755e-02
7.5300e+00     3.4853e-02     6.0815e-02
7.5400e+00     3.5467e-02     6.1894e-02
7.5500e+00     3.6091e-02     6.2991e-02
7.5600e+00     3.6727e-02     6.4109e-02
7.5700e+00     3.7374e-02     6.5246e-02
7.5800e+00     3.8032e-02     6.6403e-02
7.5900e+00     3.8702e-02     6.7582e-02
7.6000e+00     3.9384e-02     6.8781e-02
7.6100e+00     4.0077e-02     7.0001e-02
7.6200e+00     4.0784e-02     7.1244e-02
7.6300e+00     4.1502e-02     7.2508e-02
7.6400e+00     4.2234e-02     7.3795e-02
7.6500e+00     4.2978e-02     7.5105e-02
7.6600e+00     4.3736e-02     7.6439e-02
7.6700e+00     4.4507e-02     7.7796e-02
7.6800e+00     4.5292e-02     7.9177e-02
7.6900e+00     4.6091e-02     8.0583e-02
7.7000e+00     4.6904e-02     8.2015e-02
7.7100e+00     4.7731e-02     8.3471e-02
7.7200e+00     4.8573e-02     8.4954e-02
7.7300e+00     4.9430e-02     8.6463e-02
7.7400e+00     5.0303e-02     8.7999e-02
7.7500e+00     5.1190e-02     8.9563e-02
7.7600e+00     5.2094e-02     9.1154e-02
7.7700e+00     5.3014e-02     9.2774e-02
7.7800e+00     5.3950e-02     9.4423e-02
7.7900e+00     5.4902e-02     9.6102e-02
7.8000e+00     5.5872e-02     9.7810e-02
7.8100e+00     5.6859e-02     9.9549e-02
7.8200e+00     5.7863e-02     1.0132e-01
7.8300e+00     5.8885e-02     1.0312e-01
7.8400e+00     5.9925e-02     1.0495e-01
7.8500e+00     6.0984e-02     1.0682e-01
7.8600e+00     6.2062e-02     1.0872e-01
7.8700e+00     6.3159e-02     1.1065e-01
7.8800e+00     6.4275e-02     1.1262e-01
7.8900e+00     6.5411e-02     1.1463e-01
7.9000e+00     6.6568e-02     1.1666e-01
7.9100e+00     6.7745e-02     1.1874e-01
7.9200e+00     6.8943e-02     1.2085e-01
7.9300e+00     7.0162e-02     1.2300e-01
7.9400e+00     7.1403e-02     1.2519e-01
7.9500e+00     7.2666e-02     1.2742e-01
7.9600e+00     7.3951e-02     1.2969e-01
7.9700e+00     7.5260e-02     1.3200e-01
7.9800e+00     7.6591e-02     1.3435e-01
7.9900e+00     7.7947e-02     1.3674e-01
8.0000e+00     7.9326e-02     1.3918e-01
8.0100e+00     8.0731e-02     1.4165e-01
8.0200e+00     8.2160e-02     1.4418e-01
8.0300e+00     8.3614e-02     1.4675e-01
8.0400e+00     8.5095e-02     1.4936e-01
8.0500e+00     8.6602e-02     1.5202e-01
8.0600e+00     8.8135e-02     1.5473e-01
8.0700e+00     8.9696e-02     1.5748e-01
8.0800e+00     9.1285e-02     1.6029e-01
8.0900e+00     9.2902e-02     1.6315e-01
8.1000e+00     9.4548e-02     1.6606e-01
8.1100e+00     9.6224e-02     1.6901e-01
8.1200e+00     9.7929e-02     1.7203e-01
8.1300e+00     9.9664e-02     1.7509e-01
8.1400e+00     1.0143e-01     1.7822e-01
8.1500e+00     1.0323e-01     1.8139e-01
8.1600e+00     1.0506e-01     1.8463e-01
8.1700e+00     1.0692e-01     1.8792e-01
8.1800e+00     1.0882e-01     1.9127e-01
8.1900e+00     1.1075e-01     1.9468e-01
8.2000e+00     1.1271e-01     1.9815e-01
8.2100e+00     1.1471e-01     2.0169e-01
8.2200e+00     1.1675e-01     2.0529e-01
8.2300e+00     1.1882e-01     2.0895e-01
8.2400e+00     1.2092e-01     2.1268e-01
8.2500e+00     1.2307e-01     2.1647e-01
8.2600e+00     1.2525e-01     2.2034e-01
8.2700e+00     1.2748e-01     2.2427e-01
8.2800e+00     1.2974e-01     2.2827e-01
8.2900e+00     1.3204e-01     2.3235e-01
8.3000e+00     1.3439e-01     2.3649e-01
8.3100e+00     1.3677e-01     2.4072e-01
8.3200e+00     1.3920e-01     2.4501e-01
8.3300e+00     1.4167e-01     2.4939e-01
8.3400e+00     1.4419e-01     2.5384e-01
8.3500e+00     1.4675e-01     2.5837e-01
8.3600e+00     1.4936e-01     2.6299e-01
8.3700e+00     1.5201e-01     2.6769e-01
8.3800e+00     1.5471e-01     2.7247e-01
8.3900e+00     1.5746e-01     2.7734e-01
8.4000e+00     1.6026e-01     2.8229e-01
8.4100e+00     1.6311e-01     2.8733e-01
8.4200e+00     1.6601e-01     2.9247e-01
8.4300e+00     1.6896e-01     2.9769e-01
8.4400e+00     1.7196e-01     3.0301e-01
8.4500e+00     1.7502e-01     3.0843e-01
8.4600e+00     1.7813e-01     3.1394e-01
8.4700e+00     1.8130e-01     3.1955e-01
8.4800e+00     1.8452e-01     3.2527e-01
8.4900e+00     1.8780e-01     3.3108e-01
8.5000e+00     1.9114e-01     3.3700e-01
8.5100e+00     1.9454e-01     3.4303e-01
8.5200e+00     1.9800e-01     3.4916e-01
8.5300e+00     2.0153e-01     3.5541e-01
8.5400e+00     2.0511e-01     3.6176e-01
8.5500e+00     2.0876e-01     3.6823e-01
8.5600e+00     2.1248e-01     3.7482e-01
8.5700e+00     2.1626e-01     3.8153e-01
8.5800e+00     2.2011e-01     3.8835e-01
8.5900e+00     2.2403e-01     3.9530e-01
8.6000e+00     2.2801e-01     4.0237e-01
8.6100e+00     2.3207e-01     4.0957e-01
8.6200e+00     2.3621e-01     4.1690e-01
8.6300e+00     2.4041e-01     4.2436e-01
8.6400e+00     2.4469e-01     4.3196e-01
8.6500e+00     2.4905e-01     4.3969e-01
8.6600e+00     2.5349e-01     4.4756e-01
8.6700e+00     2.5800e-01     4.5557e-01
8.6800e+00     2.6260e-01     4.6373e-01
8.6900e+00     2.6728e-01     4.7203e-01
8.7000e+00     2.7204e-01     4.8049e-01
8.7100e+00     2.7689e-01     4.8909e-01
8.7200e+00     2.8182e-01     4.9785e-01
8.7300e+00     2.8685e-01     5.0677e-01
8.7400e+00     2.9196e-01     5.1584e-01
8.7500e+00     2.9716e-01     5.2508e-01
8.7600e+00     3.0246e-01     5.3449e-01
8.7700e+00     3.0785e-01     5.4407e-01
8.7800e+00     3.1334e-01     5.5381e-01
8.7900e+00     3.1893e-01     5.6374e-01
8.8000e+00     3.2462e-01     5.7384e-01
8.8100e+00     3.3041e-01     5.8412e-01
8.8200e+00     3.3630e-01     5.9459e-01
8.8300e+00     3.4230e-01     6.0525e-01
8.8400e+00     3.4841e-01     6.1610e-01
8.8500e+00     3.5462e-01     6.2714e-01
8.8600e+00     3.6095e-01     6.3838e-01
8.8700e+00     3.6739e-01     6.4983e-01
8.8800e+00     3.7395e-01     6.6148e-01
8.8900e+00     3.8062e-01     6.7334e-01
8.9000e+00     3.8742e-01     6.8542e-01
8.9100e+00     3.9433e-01     6.9771e-01
8.9200e+00     4.0137e-01     7.1022e-01
8.9300e+00     4.0854e-01     7.2296e-01
8.9400e+00     4.1583e-01     7.3593e-01
8.9500e+00     4.2326e-01     7.4913e-01
8.9600e+00     4.3081e-01     7.6257e-01
8.9700e+00     4.3851e-01     7.7625e-01
8.9800e+00     4.4634e-01     7.9018e-01
8.9900e+00     4.5431e-01     8.0435e-01
9.0000e+00     4.6243e-01     8.1879e-01
9.0100e+00     4.7069e-01     8.3348e-01
9.0200e+00     4.7910e-01     8.4844e-01
9.0300e+00     4.8766e-01     8.6367e-01
9.0400e+00     4.9637e-01     8.7917e-01
9.0500e+00     5.0524e-01     8.9495e-01
9.0600e+00     5.1427e-01     9.1102e-01
9.0700e+00     5.2346e-01     9.2738e-01
9.0800e+00     5.3282e-01     9.4403e-01
9.0900e+00     5.4235e-01     9.6098e-01
9.1000e+00     5.5204e-01     9.7823e-01
9.1100e+00     5.6191e-01     9.9580e-01
9.1200e+00     5.7196e-01     1.0137e+00
9.1300e+00     5.8219e-01     1.0319e+00
9.1400e+00     5.9260e-01     1.0504e+00
9.1500e+00     6.0320e-01     1.0693e+00
9.1600e+00     6.1398e-01     1.0885e+00
9.1700e+00     6.2497e-01     1.1081e+00
9.1800e+00     6.3615e-01     1.1280e+00
9.1900e+00     6.4753e-01     1.1482e+00
9.2000e+00     6.5911e-01     1.1689e+00
9.2100e+00     6.7091e-01     1.1899e+00
9.2200e+00     6.8291e-01     1.2113e+00
9.2300e+00     6.9513e-01     1.2330e+00
9.2400e+00     7.0757e-01     1.2552e+00
9.2500e+00     7.2024e-01     1.2777e+00
9.2600e+00     7.3313e-01     1.3007e+00
9.2700e+00     7.4625e-01     1.3241e+00
9.2800e+00     7.5961e-01     1.3479e+00
9.2900e+00     7.7321e-01     1.3721e+00
9.3000e+00     7.8706e-01     1.3968e+00
9.3100e+00     8.0115e-01     1.4219e+00
9.3200e+00     8.1550e-01     1.4475e+00
9.3300e+00     8.3010e-01     1.4735e+00
9.3400e+00     8.4497e-01     1.5000e+00
9.3500e+00     8.6010e-01     1.5270e+00
9.3600e+00     8.7551e-01     1.5545e+00
9.3700e+00     8.9120e-01     1.5824e+00
9.3800e+00     9.0716e-01     1.6109e+00
9.3900e+00     9.2342e-01     1.6399e+00
9.4000e+00     9.3996e-01     1.6694e+00
9.4100e+00     9.5681e-01     1.6994e+00
9.4200e+00     9.7395e-01     1.7300e+00
9.4300e+00     9.9141e-01     1.7612e+00
9.4400e+00     1.0092e+00     1.7928e+00
9.4500e+00     1.0273e+00     1.8251e+00
9.4600e+00     1.0457e+00     1.8580e+00
9.4700e+00     1.0644e+00     1.8914e+00
9.4800e+00     1.0835e+00     1.9255e+00
9.4900e+00     1.1029e+00     1.9601e+00
9.5000e+00     1.1227e+00     1.9954e+00
9.5100e+00     1.1428e+00     2.0313e+00
9.5200e+00     1.1633e+00     2.0679e+00
9.5300e+00     1.1842e+00     2.1051e+00
9.5400e+00     1.2054e+00     2.1431e+00
9.5500e+00     1.2271e+00     2.1817e+00
9.5600e+00     1.2491e+00     2.2209e+00
9.5700e+00     1.2715e+00     2.2609e+00
9.5800e+00     1.2943e+00     2.3017e+00
9.5900e+00     1.3175e+00     2.3431e+00
9.6000e+00     1.3412e+00     2.3853e+00
9.6100e+00     1.3652e+00     2.4283e+00
9.6200e+00     1.3897e+00     2.4721e+00
9.6300e+00     1.4147e+00     2.5166e+00
9.6400e+00     1.4401e+00     2.5620e+00
9.6500e+00     1.4659e+00     2.6081e+00
9.6600e+00     1.4922e+00     2.6551e+00
9.6700e+00     1.5190e+00     2.7030e+00
9.6800e+00     1.5463e+00     2.7517e+00
9.6900e+00     1.5741e+00     2.8013e+00
9.7000e+00     1.6023e+00     2.8518e+00
9.7100e+00     1.6311e+00     2.9032e+00
9.7200e+00     1.6604e+00     2.9555e+00
9.7300e+00     1.6902e+00     3.0088e+00
9.7400e+00     1.7206e+00     3.0631e+00
9.7500e+00     1.7515e+00     3.1183e+00
9.7600e+00     1.7829e+00     3.1745e+00
9.7700e+00     1.8150e+00     3.2318e+00
9.7800e+00     1.8476e+00     3.2900e+00
9.7900e+00     1.8808e+00     3.3494e+00
9.8000e+00     1.9146e+00     3.4098e+00
9.8100e+00     1.9490e+00     3.4713e+00
9.8200e+00     1.9840e+00     3.5339e+00
9.8300e+00     2.0197e+00     3.5976e+00
9.8400e+00     2.0560e+00     3.6625e+00
9.8500e+00     2.0929e+00     3.7286e+00
9.8600e+00     2.1305e+00     3.7959e+00
9.8700e+00     2.1688e+00     3.8644e+00
9.8800e+00     2.2078e+00     3.9341e+00
9.8900e+00     2.2475e+00     4.0051e+00
9.9000e+00     2.2879e+00     4.0774e+00
9.9100e+00     2.3291e+00     4.1510e+00
9.9200e+00     2.3710e+00     4.2259e+00
9.9300e+00     2.4136e+00     4.3022e+00
9.9400e+00     2.4570e+00     4.3798e+00
9.9500e+00     2.5012e+00     4.4589e+00
9.9600e+00     2.5462e+00     4.5394e+00
9.9700e+00     2.5920e+00     4.6213e+00
9.9800e+00     2.6386e+00     4.7048e+00
9.9900e+00     2.6861e+00     4.7897e+00
1.0000e+01     2.7344e+00     4.8762e+00
1.0010e+01     2.7836e+00     4.9642e+00
1.0020e+01     2.8337e+00     5.0539e+00
1.0030e+01     2.8847e+00     5.1452e+00
1.0040e+01     2.9366e+00     5.2381e+00
1.0050e+01     2.9895e+00     5.3327e+00
1.0060e+01     3.0433e+00     5.4290e+00
1.0070e+01     3.0981e+00     5.5271e+00
1.0080e+01     3.1538e+00     5.6269e+00
1.0090e+01     3.2106e+00     5.7286e+00
1.0100e+01     3.2684e+00     5.8321e+00
1.0110e+01     3.3273e+00     5.9374e+00
1.0120e+01     3.3872e+00     6.0447e+00
1.0130e+01     3.4482e+00     6.1539e+00
1.0140e+01     3.5102e+00     6.2651e+00
1.0150e+01     3.5735e+00     6.3784e+00
1.0160e+01     3.6378e+00     6.4936e+00
1.0170e+01     3.7033e+00     6.6110e+00
1.0180e+01     3.7700e+00     6.7305e+00
1.0190e+01     3.8380e+00     6.8521e+00
1.0200e+01     3.9071e+00     6.9760e+00
1.0210e+01     3.9775e+00     7.1021e+00
1.0220e+01     4.0491e+00     7.2305e+00
1.0230e+01     4.1221e+00     7.3612e+00
1.0240e+01     4.1964e+00     7.4943e+00
1.0250e+01     4.2720e+00     7.6298e+00
1.0260e+01     4.3490e+00     7.7678e+00
1.0270e+01     4.4274e+00     7.9083e+00
1.0280e+01     4.5072e+00     8.0513e+00
1.0290e+01     4.5884e+00     8.1969e+00
1.0300e+01     4.6711e+00     8.3451e+00
1.0310e+01     4.7553e+00     8.4961e+00
1.0320e+01     4.8410e+00     8.6497e+00
1.0330e+01     4.9283e+00     8.8062e+00
1.0340e+01     5.0172e+00     8.9655e+00
1.0350e+01     5.1076e+00     9.1277e+00
1.0360e+01     5.1997e+00     9.2928e+00
1.0370e+01     5.2935e+00     9.4609e+00
1.0380e+01     5.3890e+00     9.6321e+00
1.0390e+01     5.4861e+00     9.8064e+00
1.0400e+01     5.5851e+00     9.9839e+00
1.0410e+01     5.6858e+00     1.0165e+01
1.0420e+01     5.7884e+00     1.0348e+01
1.0430e+01     5.8928e+00     1.0536e+01
1.0440e+01     5.9991e+00     1.0726e+01
1.0450e+01     6.1074e+00     1.0921e+01
1.0460e+01     6.2176e+00     1.1118e+01
1.0470e+01     6.3297e+00     1.1320e+01
1.0480e+01     6.4440e+00     1.1524e+01
1.0490e+01     6.5602e+00     1.1733e+01
1.0500e+01     6.6786e+00     1.1945e+01
1.0510e+01     6.7992e+00     1.2162e+01
1.0520e+01     6.9219e+00     1.2382e+01
1.0530e+01     7.0468e+00     1.2606e+01
1.0540e+01     7.1740e+00     1.2834e+01
1.0550e+01     7.3035e+00     1.3067e+01
1.0560e+01     7.4354e+00     1.3304e+01
1.0570e+01     7.5696e+00     1.3544e+01
1.0580e+01     7.7063e+00     1.3790e+01
1.0590e+01     7.8454e+00     1.4040e+01
1.0600e+01     7.9871e+00     1.4294e+01
1.0610e+01     8.1313e+00     1.4553e+01
1.0620e+01     8.2781e+00     1.4816e+01
1.0630e+01     8.4276e+00     1.5085e+01
1.0640e+01     8.5799e+00     1.5358e+01
1.0650e+01     8.7348e+00     1.5636e+01
1.0660e+01     8.8926e+00     1.5920e+01
1.0670e+01     9.0532e+00     1.6208e+01
1.0680e+01     9.2168e+00     1.6502e+01
1.0690e+01     9.3833e+00     1.6801e+01
1.0700e+01     9.5528e+00     1.7105e+01
1.0710e+01     9.7254e+00     1.7415e+01
1.0720e+01     9.9011e+00     1.7731e+01
1.0730e+01     1.0080e+01     1.8052e+01
1.0740e+01     1.0262e+01     1.8380e+01
1.0750e+01     1.0448e+01     1.8713e+01
1.0760e+01     1.0636e+01     1.9052e+01
1.0770e+01     1.0829e+01     1.9397e+01
1.0780e+01     1.1024e+01     1.9749e+01
1.0790e+01     1.1224e+01     2.0107e+01
1.0800e+01     1.1427e+01     2.0472e+01
1.0810e+01     1.1633e+01     2.0843e+01
1.0820e+01     1.1843e+01     2.1221e+01
1.0830e+01     1.2058e+01     2.1606e+01
1.0840e+01     1.2276e+01     2.1997e+01
1.0850e+01     1.2498e+01     2.2396e+01
1.0860e+01     1.2724e+01     2.2803e+01
1.0870e+01     1.2954e+01     2.3216e+01
1.0880e+01     1.3188e+01     2.3637e+01
1.0890e+01     1.3426e+01     2.4066e+01
1.0900e+01     1.3669e+01     2.4502e+01
1.0910e+01     1.3917e+01     2.4947e+01
1.0920e+01     1.4168e+01     2.5400e+01
1.0930e+01     1.4425e+01     2.5860e+01
1.0940e+01     1.4685e+01     2.6330e+01
1.0950e+01     1.4951e+01     2.6807e+01
1.0960e+01     1.5222e+01     2.7294e+01
1.0970e+01     1.5497e+01     2.7789e+01
1.0980e+01     1.5777e+01     2.8293e+01
1.0990e+01     1.6063e+01     2.8807e+01
1.1000e+01     1.6354e+01     2.9329e+01
1.1010e+01     1.6650e+01     2.9862e+01
1.1020e+01     1.6951e+01     3.0404e+01
1.1030e+01     1.7258e+01     3.0956e+01
1.1040e+01     1.7570e+01     3.1517e+01
1.1050e+01     1.7888e+01     3.2090e+01
1.1060e+01     1.8212e+01     3.2672e+01
1.1070e+01     1.8542e+01     3.3265e+01
1.1080e+01     1.8877e+01     3.3869e+01
1.1090e+01     1.9219e+01     3.4484e+01
1.1100e+01     1.9567e+01     3.5110e+01
1.1110e+01     1.9921e+01     3.5748e+01
1.1120e+01     2.0282e+01     3.6397e+01
1.1130e+01     2.0649e+01     3.7058e+01
1.1140e+01     2.1023e+01     3.7731e+01
1.1150e+01     2.1404e+01     3.8416e+01
1.1160e+01     2.1791e+01     3.9114e+01
1.1170e+01     2.2186e+01     3.9824e+01
1.1180e+01     2.2588e+01     4.0547e+01
1.1190e+01     2.2997e+01     4.1284e+01
1.1200e+01     2.3414e+01     4.2034e+01
1.1210e+01     2.3838e+01     4.2797e+01
1.1220e+01     2.4270e+01     4.3575e+01
1.1230e+01     2.4709e+01     4.4366e+01
1.1240e+01     2.5157e+01     4.5172e+01
1.1250e+01     2.5613e+01     4.5993e+01
1.1260e+01     2.6077e+01     4.6829e+01
1.1270e+01     2.6550e+01     4.7680e+01
1.1280e+01     2.7031e+01     4.8546e+01
1.1290e+01     2.7520e+01     4.9428e+01
1.1300e+01     2.8019e+01     5.0326e+01
1.1310e+01     2.8527e+01     5.1241e+01
1.1320e+01     2.9044e+01     5.2172e+01
1.1330e+01     2.9571e+01     5.3120e+01
1.1340e+01     3.0107e+01     5.4086e+01
1.1350e+01     3.0652e+01     5.5069e+01
1.1360e+01     3.1208e+01     5.6070e+01
1.1370e+01     3.1774e+01     5.7089e+01
1.1380e+01     3.2350e+01     5.8127e+01
1.1390e+01     3.2936e+01     5.9184e+01
1.1400e+01     3.3534e+01     6.0260e+01
1.1410e+01     3.4142e+01     6.1355e+01
1.1420e+01     3.4761e+01     6.2471e+01
1.1430e+01     3.5391e+01     6.3607e+01
1.1440e+01     3.6033e+01     6.4763e+01
1.1450e+01     3.6686e+01     6.5941e+01
1.1460e+01     3.7352e+01     6.7140e+01
1.1470e+01     3.8029e+01     6.8361e+01
1.1480e+01     3.8719e+01     6.9605e+01
1.1490e+01     3.9422e+01     7.0870e+01
1.1500e+01     4.0137e+01     7.2159e+01
1.1510e+01     4.0865e+01     7.3472e+01
1.1520e+01     4.1606e+01     7.4808e+01
1.1530e+01     4.2361e+01     7.6169e+01
1.1540e+01     4.3130e+01     7.7555e+01
1.1550e+01     4.3912e+01     7.8966e+01
1.1560e+01     4.4709e+01     8.0402e+01
1.1570e+01     4.5520e+01     8.1865e+01
1.1580e+01     4.6346e+01     8.3354e+01
1.1590e+01     4.7188e+01     8.4871e+01
1.1600e+01     4.8044e+01     8.6415e+01
1.1610e+01     4.8916e+01     8.7988e+01
1.1620e+01     4.9804e+01     8.9589e+01
1.1630e+01     5.0708e+01     9.1219e+01
1.1640e+01     5.1628e+01     9.2879e+01
1.1650e+01     5.2566e+01     9.4570e+01
1.1660e+01     5.3520e+01     9.6291e+01
1.1670e+01     5.4491e+01     9.8043e+01
1.1680e+01     5.5481e+01     9.9828e+01
1.1690e+01     5.6488e+01     1.0165e+02
1.1700e+01     5.7514e+01     1.0350e+02
1.1710e+01     5.8558e+01     1.0538e+02
1.1720e+01     5.9621e+01     1.0730e+02
1.1730e+01     6.0704e+01     1.0925e+02
1.1740e+01     6.1807e+01     1.1124e+02
1.1750e+01     6.2929e+01     1.1327e+02
1.1760e+01     6.4072e+01     1.1533e+02
1.1770e+01     6.5236e+01     1.1743e+02
1.1780e+01     6.6421e+01     1.1957e+02
1.1790e+01     6.7627e+01     1.2174e+02
1.1800e+01     6.8856e+01     1.2396e+02
1.1810e+01     7.0107e+01     1.2622e+02
1.1820e+01     7.1380e+01     1.2852e+02
1.1830e+01     7.2677e+01     1.3086e+02
1.1840e+01     7.3998e+01     1.3324e+02
1.1850e+01     7.5342e+01     1.3567e+02
1.1860e+01     7.6711e+01     1.3814e+02
1.1870e+01     7.8105e+01     1.4065e+02
1.1880e+01     7.9524e+01     1.4322e+02
1.1890e+01     8.0969e+01     1.4583e+02
1.1900e+01     8.2441e+01     1.4848e+02
1.1910e+01     8.3939e+01     1.5119e+02
1.1920e+01     8.5465e+01     1.5394e+02
1.1930e+01     8.7018e+01     1.5675e+02
1.1940e+01     8.8600e+01     1.5960e+02
1.1950e+01     9.0210e+01     1.6251e+02
1.1960e+01     9.1850e+01     1.6547e+02
1.1970e+01     9.3520e+01     1.6849e+02
1.1980e+01     9.5220e+01     1.7156e+02
1.1990e+01     9.6951e+01     1.7468e+02
1.2000e+01     9.8714e+01     1.7787e+02
1.2010e+01     1.0051e+02     1.8111e+02
1.2020e+01     1.0234e+02     1.8441e+02
1.2030e+01     1.0420e+02     1.8777e+02
1.2040e+01     1.0609e+02     1.9119e+02
1.2050e+01     1.0802e+02     1.9468e+02
1.2060e+01     1.0999e+02     1.9823e+02
1.2070e+01     1.1199e+02     2.0184e+02
1.2080e+01     1.1402e+02     2.0552e+02
1.2090e+01     1.1610e+02     2.0927e+02
1.2100e+01     1.1821e+02     2.1308e+02
1.2110e+01     1.2036e+02     2.1697e+02
1.2120e+01     1.2255e+02     2.2093e+02
1.2130e+01     1.2478e+02     2.2495e+02
1.2140e+01     1.2705e+02     2.2906e+02
1.2150e+01     1.2936e+02     2.3323e+02
1.2160e+01     1.3171e+02     2.3749e+02
1.2170e+01     1.3411e+02     2.4182e+02
1.2180e+01     1.3655e+02     2.4623e+02
1.2190e+01     1.3903e+02     2.5072e+02
1.2200e+01     1.4156e+02     2.5529e+02
1.2210e+01     1.4414e+02     2.5995e+02
1.2220e+01     1.4676e+02     2.6469e+02
1.2230e+01     1.4943e+02     2.6952e+02
1.2240e+01     1.5215e+02     2.7443e+02
1.2250e+01     1.5492e+02     2.7944e+02
1.2260e+01     1.5774e+02     2.8454e+02
1.2270e+01     1.6061e+02     2.8973e+02
1.2280e+01     1.6354e+02     2.9501e+02
1.2290e+01     1.6651e+02     3.0039e+02
1.2300e+01     1.6955e+02     3.0588e+02
1.2310e+01     1.7263e+02     3.1146e+02
1.2320e+01     1.7578e+02     3.1714e+02
1.2330e+01     1.7898e+02     3.2293e+02
1.2340e+01     1.8223e+02     3.2882e+02
1.2350e+01     1.8555e+02     3.3482e+02
1.2360e+01     1.8893e+02     3.4093e+02
1.2370e+01     1.9237e+02     3.4715e+02
1.2380e+01     1.9587e+02     3.5349e+02
1.2390e+01     1.9944e+02     3.5994e+02
1.2400e+01     2.0307e+02     3.6651e+02
1.2410e+01     2.0677e+02     3.7320e+02
1.2420e+01     2.1054e+02     3.8001e+02
1.2430e+01     2.1437e+02     3.8695e+02
1.2440e+01     2.1828e+02     3.9401e+02
1.2450e+01     2.2225e+02     4.0120e+02
1.2460e+01     2.2630e+02     4.0853e+02
1.2470e+01     2.3042e+02     4.1599e+02
1.2480e+01     2.3462e+02     4.2358e+02
1.2490e+01     2.3890e+02     4.3131e+02
1.2500e+01     2.4325e+02     4.3919e+02
1.2510e+01     2.4768e+02     4.4721e+02
1.2520e+01     2.5219e+02     4.5537e+02
1.2530e+01     2.5679e+02     4.6369e+02
1.2540e+01     2.6147e+02     4.7216e+02
1.2550e+01     2.6623e+02     4.8078e+02
1.2560e+01     2.7108e+02     4.8956e+02
1.2570e+01     2.7602e+02     4.9850e+02
1.2580e+01     2.8105e+02     5.0761e+02
1.2590e+01     2.8618e+02     5.1688e+02
1.2600e+01     2.9139e+02     5.2632e+02
1.2610e+01     2.9670e+02     5.3593e+02
1.2620e+01     3.0211e+02     5.4572e+02
1.2630e+01     3.0762e+02     5.5569e+02
1.2640e+01     3.1323e+02     5.6584e+02
1.2650e+01     3.1894e+02     5.7618e+02
1.2660e+01     3.2475e+02     5.8670e+02
1.2670e+01     3.3067e+02     5.9742e+02
1.2680e+01     3.3670e+02     6.0834e+02
1.2690e+01     3.4284e+02     6.1945e+02
1.2700e+01     3.4909e+02     6.3077e+02
1.2710e+01     3.5545e+02     6.4229e+02
1.2720e+01     3.6194e+02     6.5403e+02
1.2730e+01     3.6854e+02     6.6598e+02
1.2740e+01     3.7526e+02     6.7815e+02
1.2750e+01     3.8210e+02     6.9054e+02
1.2760e+01     3.8907e+02     7.0316e+02
1.2770e+01     3.9616e+02     7.1601e+02
1.2780e+01     4.0339e+02     7.2910e+02
1.2790e+01     4.1075e+02     7.4243e+02
1.2800e+01     4.1824e+02     7.5600e+02
1.2810e+01     4.2587e+02     7.6981e+02
1.2820e+01     4.3363e+02     7.8389e+02
1.2830e+01     4.4155e+02     7.9821e+02
1.2840e+01     4.4960e+02     8.1281e+02
1.2850e+01     4.5780e+02     8.2766e+02
1.2860e+01     4.6615e+02     8.4279e+02
1.2870e+01     4.7466e+02     8.5820e+02
1.2880e+01     4.8332e+02     8.7389e+02
1.2890e+01     4.9214e+02     8.8987e+02
1.2900e+01     5.0112e+02     9.0614e+02
1.2910e+01     5.1026e+02     9.2271e+02
1.2920e+01     5.1957e+02     9.3958e+02
1.2930e+01     5.2905e+02     9.5676e+02
1.2940e+01     5.3871e+02     9.7426e+02
1.2950e+01     5.4854e+02     9.9207e+02
1.2960e+01     5.5855e+02     1.0102e+03
1.2970e+01     5.6875e+02     1.0287e+03
1.2980e+01     5.7913e+02     1.0475e+03
1.2990e+01     5.8970e+02     1.0667e+03
1.3000e+01     6.0046e+02     1.0862e+03
1.3010e+01     6.1142e+02     1.1060e+03
1.3020e+01     6.2258e+02     1.1263e+03
1.3030e+01     6.3395e+02     1.1469e+03
1.3040e+01     6.4552e+02     1.1678e+03
1.3050e+01     6.5731e+02     1.1892e+03
1.3060e+01     6.6931e+02     1.2110e+03
1.3070e+01     6.8153e+02     1.2331e+03
1.3080e+01     6.9397e+02     1.2557e+03
1.3090e+01     7.0664e+02     1.2786e+03
1.3100e+01     7.1954e+02     1.3020e+03
1.3110e+01     7.3268e+02     1.3259e+03
1.3120e+01     7.4606e+02     1.3501e+03
1.3130e+01     7.5969e+02     1.3748e+03
1.3140e+01     7.7356e+02     1.4000e+03
1.3150e+01     7.8769e+02     1.4256e+03
1.3160e+01     8.0207e+02     1.4517e+03
1.3170e+01     8.1672e+02     1.4783e+03
1.3180e+01     8.3164e+02     1.5053e+03
1.3190e+01     8.4683e+02     1.5329e+03
1.3200e+01     8.6230e+02     1.5609e+03
1.3210e+01     8.7805e+02     1.5895e+03
1.3220e+01     8.9409e+02     1.6186e+03
1.3230e+01     9.1042e+02     1.6482e+03
1.3240e+01     9.2706e+02     1.6784e+03
1.3250e+01     9.4399e+02     1.7091e+03
1.3260e+01     9.6124e+02     1.7404e+03
1.3270e+01     9.7880e+02     1.7722e+03
1.3280e+01     9.9669e+02     1.8047e+03
1.3290e+01     1.0149e+03     1.8377e+03
1.3300e+01     1.0334e+03     1.8713e+03
1.3310e+01     1.0523e+03     1.9056e+03
1.3320e+01     1.0716e+03     1.9405e+03
1.3330e+01     1.0911e+03     1.9760e+03
1.3340e+01     1.1111e+03     2.0122e+03
1.3350e+01     1.1314e+03     2.0490e+03
1.3360e+01     1.1521e+03     2.0866e+03
1.3370e+01     1.1731e+03     2.1248e+03
1.3380e+01     1.1946e+03     2.1637e+03
1.3390e+01     1.2164e+03     2.2033e+03
1.3400e+01     1.2386e+03     2.2437e+03
1.3410e+01     1.2613e+03     2.2847e+03
1.3420e+01     1.2843e+03     2.3266e+03
1.3430e+01     1.3078e+03     2.3692e+03
1.3440e+01     1.3317e+03     2.4126e+03
1.3450e+01     1.3561e+03     2.4568e+03
1.3460e+01     1.3809e+03     2.5018e+03
1.3470e+01     1.4061e+03     2.5476e+03
1.3480e+01     1.4318e+03     2.5943e+03
1.3490e+01     1.4580e+03     2.6418e+03
1.3500e+01     1.4846e+03     2.6902e+03
1.3510e+01     1.5118e+03     2.7395e+03
1.3520e+01     1.5394e+03     2.7896e+03
1.3530e+01     1.5676e+03     2.8408e+03
1.3540e+01     1.5963e+03     2.8928e+03
1.3550e+01     1.6254e+03     2.9458e+03
1.3560e+01     1.6552e+03     2.9998e+03
1.3570e+01     1.6854e+03     3.0547e+03
1.3580e+01     1.7163e+03     3.1107e+03
1.3590e+01     1.7477e+03     3.1677e+03
1.3600e+01     1.7796e+03     3.2257e+03
1.3610e+01     1.8122e+03     3.2849e+03
1.3620e+01     1.8453e+03     3.3451e+03
1.3630e+01     1.8791e+03     3.4064e+03
1.3640e+01     1.9135e+03     3.4688e+03
1.3650e+01     1.9485e+03     3.5324e+03
1.3660e+01     1.9841e+03     3.5971e+03
1.3670e+01     2.0204e+03     3.6630e+03
1.3680e+01     2.0574e+03     3.7302e+03
1.3690e+01     2.0950e+03     3.7985e+03
1.3700e+01     2.1334e+03     3.8681e+03
1.3710e+01     2.1724e+03     3.9391e+03
1.3720e+01     2.2121e+03     4.0113e+03
1.3730e+01     2.2526e+03     4.0848e+03
1.3740e+01     2.2938e+03     4.1597e+03
1.3750e+01     2.3358e+03     4.2359e+03
1.3760e+01     2.3786e+03     4.3136e+03
1.3770e+01     2.4221e+03     4.3927e+03
1.3780e+01     2.4664e+03     4.4732e+03
1.3790e+01     2.5116e+03     4.5552e+03
1.3800e+01     2.5575e+03     4.6387e+03
1.3810e+01     2.6043e+03     4.7238e+03
1.3820e+01     2.6520e+03     4.8104e+03
1.3830e+01     2.7006e+03     4.8986e+03
1.3840e+01     2.7500e+03     4.9884e+03
1.3850e+01     2.8003e+03     5.0799e+03
1.3860e+01     2.8516e+03     5.1731e+03
1.3870e+01     2.9038e+03     5.2679e+03
1.3880e+01     2.9570e+03     5.3645e+03
1.3890e+01     3.0111e+03     5.4629e+03
1.3900e+01     3.0662e+03     5.5631e+03
1.3910e+01     3.1224e+03     5.6651e+03
1.3920e+01     3.1795e+03     5.7690e+03
1.3930e+01     3.2377e+03     5.8749e+03
1.3940e+01     3.2970e+03     5.9826e+03
1.3950e+01     3.3574e+03     6.0924e+03
1.3960e+01     3.4189e+03     6.2041e+03
1.3970e+01     3.4815e+03     6.3179e+03
1.3980e+01     3.5452e+03     6.4338e+03
1.3990e+01     3.6102e+03     6.5518e+03
1.4000e+01     3.6763e+03     6.6720e+03
1.4010e+01     3.7436e+03     6.7944e+03
1.4020e+01     3.8122e+03     6.9191e+03
1.4030e+01     3.8820e+03     7.0460e+03
1.4040e+01     3.9531e+03     7.1753e+03
1.4050e+01     4.0255e+03     7.3070e+03
1.4060e+01     4.0993e+03     7.4410e+03
1.4070e+01     4.1744e+03     7.5776e+03
1.4080e+01     4.2508e+03     7.7166e+03
1.4090e+01     4.3287e+03     7.8582e+03
1.4100e+01     4.4080e+03     8.0024e+03
1.4110e+01     4.4888e+03     8.1493e+03
1.4120e+01     4.5710e+03     8.2988e+03
1.4130e+01     4.6547e+03     8.4511e+03
1.4140e+01     4.7400e+03     8.6062e+03
1.4150e+01     4.8269e+03     8.7642e+03
1.4160e+01     4.9153e+03     8.9250e+03
1.4170e+01     5.0054e+03     9.0888e+03
1.4180e+01     5.0971e+03     9.2557e+03
1.4190e+01     5.1905e+03     9.4255e+03
1.4200e+01     5.2856e+03     9.5986e+03
1.4210e+01     5.3825e+03     9.7747e+03
1.4220e+01     5.4811e+03     9.9542e+03
1.4230e+01     5.5816e+03     1.0137e+04
1.4240e+01     5.6839e+03     1.0323e+04
1.4250e+01     5.7881e+03     1.0513e+04
1.4260e+01     5.8941e+03     1.0705e+04
1.4270e+01     6.0022e+03     1.0902e+04
1.4280e+01     6.1122e+03     1.1102e+04
1.4290e+01     6.2242e+03     1.1306e+04
1.4300e+01     6.3383e+03     1.1514e+04
1.4310e+01     6.4545e+03     1.1725e+04
1.4320e+01     6.5728e+03     1.1940e+04
1.4330e+01     6.6933e+03     1.2160e+04
1.4340e+01     6.8160e+03     1.2383e+04
1.4350e+01     6.9410e+03     1.2610e+04
1.4360e+01     7.0683e+03     1.2842e+04
1.4370e+01     7.1979e+03     1.3078e+04
1.4380e+01     7.3298e+03     1.3318e+04
1.4390e+01     7.4642e+03     1.3562e+04
1.4400e+01     7.6011e+03     1.3811e+04
1.4410e+01     7.7405e+03     1.4065e+04
1.4420e+01     7.8824e+03     1.4323e+04
1.4430e+01     8.0270e+03     1.4587e+04
1.4440e+01     8.1742e+03     1.4854e+04
1.4450e+01     8.3241e+03     1.5127e+04
1.4460e+01     8.4767e+03     1.5405e+04
1.4470e+01     8.6322e+03     1.5688e+04
1.4480e+01     8.7905e+03     1.5976e+04
1.4490e+01     8.9517e+03     1.6270e+04
1.4500e+01     9.1159e+03     1.6569e+04
1.4510e+01     9.2831e+03     1.6873e+04
1.4520e+01     9.4534e+03     1.7183e+04
1.4530e+01     9.6268e+03     1.7499e+04
1.4540e+01     9.8034e+03     1.7820e+04
1.4550e+01     9.9832e+03     1.8148e+04
1.4560e+01     1.0166e+04     1.8481e+04
1.4570e+01     1.0353e+04     1.8821e+04
1.4580e+01     1.0543e+04     1.9166e+04
1.4590e+01     1.0736e+04     1.9519e+04
1.4600e+01     1.0933e+04     1.9877e+04
1.4610e+01     1.1134e+04     2.0242e+04
1.4620e+01     1.1338e+04     2.0614e+04
1.4630e+01     1.1546e+04     2.0993e+04
1.4640e+01     1.1758e+04     2.1379e+04
1.4650e+01     1.1974e+04     2.1772e+04
1.4660e+01     1.2193e+04     2.2172e+04
1.4670e+01     1.2417e+04     2.2580e+04
1.4680e+01     1.2645e+04     2.2995e+04
1.4690e+01     1.2877e+04     2.3417e+04
1.4700e+01     1.3113e+04     2.3848e+04
1.4710e+01     1.3354e+04     2.4286e+04
1.4720e+01     1.3599e+04     2.4732e+04
1.4730e+01     1.3849e+04     2.5187e+04
1.4740e+01     1.4103e+04     2.5650e+04
1.4750e+01     1.4362e+04     2.6121e+04
1.4760e+01     1.4625e+04     2.6602e+04
1.4770e+01     1.4894e+04     2.7091e+04
1.4780e+01     1.5167e+04     2.7589e+04
1.4790e+01     1.5446e+04     2.8096e+04
1.4800e+01     1.5729e+04     2.8612e+04
1.4810e+01     1.6018e+04     2.9138e+04
1.4820e+01     1.6312e+04     2.9674e+04
1.4830e+01     1.6611e+04     3.0220e+04
1.4840e+01     1.6916e+04     3.0775e+04
1.4850e+01     1.7227e+04     3.1341e+04
1.4860e+01     1.7543e+04     3.1917e+04
1.4870e+01     1.7865e+04     3.2504e+04
1.4880e+01     1.8193e+04     3.3102e+04
1.4890e+01     1.8527e+04     3.3711e+04
1.4900e+01     1.8868e+04     3.4331e+04
1.4910e+01     1.9214e+04     3.4962e+04
1.4920e+01     1.9567e+04     3.5605e+04
1.4930e+01     1.9926e+04     3.6260e+04
1.4940e+01     2.0292e+04     3.6927e+04
1.4950e+01     2.0665e+04     3.7606e+04
1.4960e+01     2.1044e+04     3.8297e+04
1.4970e+01     2.1431e+04     3.9002e+04
1.4980e+01     2.1824e+04     3.9719e+04
1.4990e+01     2.2225e+04     4.0450e+04
1.5000e+01     2.2633e+04     4.1194e+04
1.5010e+01     2.3049e+04     4.1951e+04
1.5020e+01     2.3472e+04     4.2723e+04
1.5030e+01     2.3904e+04     4.3509e+04
1.5040e+01     2.4343e+04     4.4309e+04
1.5050e+01     2.4790e+04     4.5124e+04
1.5060e+01     2.5245e+04     4.5955e+04
1.5070e+01     2.5709e+04     4.6800e+04
1.5080e+01     2.6181e+04     4.7661e+04
1.5090e+01     2.6662e+04     4.8538e+04
1.5100e+01     2.7152e+04     4.9431e+04
1.5110e+01     2.7651e+04     5.0340e+04
1.5120e+01     2.8159e+04     5.1266e+04
1.5130e+01     2.8676e+04     5.2210e+04
1.5140e+01     2.9203e+04     5.3170e+04
1.5150e+01     2.9740e+04     5.4149e+04
1.5160e+01     3.0286e+04     5.5145e+04
1.5170e+01     3.0843e+04     5.6160e+04
1.5180e+01     3.1409e+04     5.7193e+04
1.5190e+01     3.1987e+04     5.8246e+04
1.5200e+01     3.2574e+04     5.9318e+04
1.5210e+01     3.3173e+04     6.0409e+04
1.5220e+01     3.3783e+04     6.1521e+04
1.5230e+01     3.4404e+04     6.2653e+04
1.5240e+01     3.5036e+04     6.3806e+04
1.5250e+01     3.5680e+04     6.4981e+04
1.5260e+01     3.6336e+04     6.6177e+04
1.5270e+01     3.7003e+04     6.7395e+04
1.5280e+01     3.7684e+04     6.8635e+04
1.5290e+01     3.8376e+04     6.9898e+04
1.5300e+01     3.9082e+04     7.1185e+04
1.5310e+01     3.9800e+04     7.2495e+04
1.5320e+01     4.0532e+04     7.3830e+04
1.5330e+01     4.1277e+04     7.5189e+04
1.5340e+01     4.2035e+04     7.6573e+04
1.5350e+01     4.2808e+04     7.7983e+04
1.5360e+01     4.3595e+04     7.9418e+04
1.5370e+01     4.4397e+04     8.0880e+04
1.5380e+01     4.5213e+04     8.2369e+04
1.5390e+01     4.6044e+04     8.3886e+04
1.5400e+01     4.6891e+04     8.5430e+04
1.5410e+01     4.7753e+04     8.7003e+04
1.5420e+01     4.8631e+04     8.8605e+04
1.5430e+01     4.9525e+04     9.0237e+04
1.5440e+01     5.0436e+04     9.1898e+04
1.5450e+01     5.1363e+04     9.3590e+04
1.5460e+01     5.2308e+04     9.5314e+04
1.5470e+01     5.3269e+04     9.7069e+04
1.5480e+01     5.4249e+04     9.8856e+04
1.5490e+01     5.5247e+04     1.0068e+05
1.5500e+01     5.6263e+04     1.0253e+05
1.5510e+01     5.7297e+04     1.0442e+05
1.5520e+01     5.8351e+04     1.0634e+05
1.5530e+01     5.9424e+04     1.0830e+05
1.5540e+01     6.0517e+04     1.1030e+05
1.5550e+01     6.1630e+04     1.1233e+05
1.5560e+01     6.2764e+04     1.1440e+05
1.5570e+01     6.3918e+04     1.1650e+05
1.5580e+01     6.5094e+04     1.1865e+05
1.5590e+01     6.6292e+04     1.2083e+05
1.5600e+01     6.7511e+04     1.2306e+05
1.5610e+01     6.8753e+04     1.2533e+05
1.5620e+01     7.0018e+04     1.2763e+05
1.5630e+01     7.1306e+04     1.2999e+05
1.5640e+01     7.2617e+04     1.3238e+05
1.5650e+01     7.3953e+04     1.3482e+05
1.5660e+01     7.5314e+04     1.3730e+05
1.5670e+01     7.6700e+04     1.3983e+05
1.5680e+01     7.8111e+04     1.4241e+05
1.5690e+01     7.9548e+04     1.4503e+05
1.5700e+01     8.1012e+04     1.4770e+05
1.5710e+01     8.2502e+04     1.5043e+05
1.5720e+01     8.4020e+04     1.5320e+05
1.5730e+01     8.5566e+04     1.5602e+05
1.5740e+01     8.7141e+04     1.5889e+05
1.5750e+01     8.8744e+04     1.6182e+05
1.5760e+01     9.0377e+04     1.6480e+05
1.5770e+01     9.2041e+04     1.6784e+05
1.5780e+01     9.3734e+04     1.7093e+05
1.5790e+01     9.5459e+04     1.7408e+05
1.5800e+01     9.7216e+04     1.7729e+05
1.5810e+01     9.9005e+04     1.8056e+05
1.5820e+01     1.0083e+05     1.8389e+05
1.5830e+01     1.0268e+05     1.8727e+05
1.5840e+01     1.0457e+05     1.9073e+05
1.5850e+01     1.0650e+05     1.9424e+05
1.5860e+01     1.0846e+05     1.9782e+05
1.5870e+01     1.1045e+05     2.0147e+05
1.5880e+01     1.1249e+05     2.0518e+05
1.5890e+01     1.1456e+05     2.0896e+05
1.5900e+01     1.1667e+05     2.1281e+05
1.5910e+01     1.1882e+05     2.1674e+05
1.5920e+01     1.2100e+05     2.2073e+05
1.5930e+01     1.2323e+05     2.2480e+05
1.5940e+01     1.2550e+05     2.2894e+05
1.5950e+01     1.2781e+05     2.3316e+05
1.5960e+01     1.3016e+05     2.3746e+05
1.5970e+01     1.3256e+05     2.4184e+05
1.5980e+01     1.3500e+05     2.4630e+05
1.5990e+01     1.3748e+05     2.5084e+05
1.6000e+01     1.4002e+05     2.5546e+05
1.6010e+01     1.4259e+05     2.6017e+05
1.6020e+01     1.4522e+05     2.6497e+05
1.6030e+01     1.4789e+05     2.6986e+05
1.6040e+01     1.5062e+05     2.7483e+05
1.6050e+01     1.5339e+05     2.7990e+05
1.6060e+01     1.5622e+05     2.8506e+05
1.6070e+01     1.5909e+05     2.9032e+05
1.6080e+01     1.6202e+05     2.9567e+05
1.6090e+01     1.6501e+05     3.0112e+05
1.6100e+01     1.6805e+05     3.0667e+05
1.6110e+01     1.7114e+05     3.1233e+05
1.6120e+01     1.7429e+05     3.1809e+05
1.6130e+01     1.7750e+05     3.2395e+05
1.6140e+01     1.8077e+05     3.2993e+05
1.6150e+01     1.8410e+05     3.3601e+05
1.6160e+01     1.8749e+05     3.4221e+05
1.6170e+01     1.9095e+05     3.4852e+05
1.6180e+01     1.9446e+05     3.5495e+05
1.6190e+01     1.9804e+05     3.6149e+05
1.6200e+01     2.0169e+05     3.6816e+05
1.6210e+01     2.0541e+05     3.7495e+05
1.6220e+01     2.0919e+05     3.8187e+05
1.6230e+01     2.1305e+05     3.8891e+05
1.6240e+01     2.1697e+05     3.9609e+05
1.6250e+01     2.2097e+05     4.0339e+05
1.6260e+01     2.2504e+05     4.1083e+05
1.6270e+01     2.2919e+05     4.1841e+05
1.6280e+01     2.3341e+05     4.2613e+05
1.6290e+01     2.3771e+05     4.3399e+05
1.6300e+01     2.4209e+05     4.4200e+05
1.6310e+01     2.4655e+05     4.5015e+05
1.6320e+01     2.5109e+05     4.5845e+05
1.6330e+01     2.5572e+05     4.6691e+05
1.6340e+01     2.6043e+05     4.7553e+05
1.6350e+01     2.6523e+05     4.8430e+05
1.6360e+01     2.7012e+05     4.9324e+05
1.6370e+01     2.7510e+05     5.0234e+05
1.6380e+01     2.8016e+05     5.1160e+05
1.6390e+01     2.8533e+05     5.2104e+05
1.6400e+01     2.9059e+05     5.3066e+05
1.6410e+01     2.9594e+05     5.4045e+05
1.6420e+01     3.0140e+05     5.5042e+05
1.6430e+01     3.0695e+05     5.6058e+05
1.6440e+01     3.1261e+05     5.7092e+05
1.6450e+01     3.1837e+05     5.8146e+05
1.6460e+01     3.2424e+05     5.9219e+05
1.6470e+01     3.3021e+05     6.0312e+05
1.6480e+01     3.3630e+05     6.1425e+05
1.6490e+01     3.4250e+05     6.2558e+05
1.6500e+01     3.4881e+05     6.3713e+05
1.6510e+01     3.5524e+05     6.4889e+05
1.6520e+01     3.6179e+05     6.6086e+05
1.6530e+01     3.6846e+05     6.7306e+05
1.6540e+01     3.7525e+05     6.8548e+05
1.6550e+01     3.8217e+05     6.9813e+05
1.6560e+01     3.8922e+05     7.1102e+05
1.6570e+01     3.9639e+05     7.2414e+05
1.6580e+01     4.0370e+05     7.3751e+05
1.6590e+01     4.1114e+05     7.5112e+05
1.6600e+01     4.1872e+05     7.6499e+05
1.6610e+01     4.2644e+05     7.7911e+05
1.6620e+01     4.3431e+05     7.9349e+05
1.6630e+01     4.4231e+05     8.0814e+05
1.6640e+01     4.5047e+05     8.2306e+05
1.6650e+01     4.5878e+05     8.3825e+05
1.6660e+01     4.6724e+05     8.5373e+05
1.6670e+01     4.7585e+05     8.6949e+05
1.6680e+01     4.8463e+05     8.8554e+05
1.6690e+01     4.9356e+05     9.0189e+05
1.6700e+01     5.0267e+05     9.1854e+05
1.6710e+01     5.1194e+05     9.3550e+05
1.6720e+01     5.2138e+05     9.5277e+05
1.6730e+01     5.3099e+05     9.7036e+05
1.6740e+01     5.4079e+05     9.8828e+05
1.6750e+01     5.5076e+05     1.0065e+06
1.6760e+01     5.6092e+05     1.0251e+06
1.6770e+01     5.7126e+05     1.0440e+06
1.6780e+01     5.8180e+05     1.0633e+06
1.6790e+01     5.9253e+05     1.0830e+06
1.6800e+01     6.0346e+05     1.1030e+06
1.6810e+01     6.1459e+05     1.1233e+06
1.6820e+01     6.2593e+05     1.1441e+06
1.6830e+01     6.3747e+05     1.1652e+06
1.6840e+01     6.4923e+05     1.1867e+06
1.6850e+01     6.6121e+05     1.2086e+06
1.6860e+01     6.7341e+05     1.2309e+06
1.6870e+01     6.8583e+05     1.2537e+06
1.6880e+01     6.9848e+05     1.2768e+06
1.6890e+01     7.1137e+05     1.3004e+06
1.6900e+01     7.2449e+05     1.3244e+06
1.6910e+01     7.3786e+05     1.3489e+06
1.6920e+01     7.5147e+05     1.3738e+06
1.6930e+01     7.6534e+05     1.3992e+06
1.6940e+01     7.7946e+05     1.4250e+06
1.6950e+01     7.9384e+05     1.4514e+06
1.6960e+01     8.0848e+05     1.4782e+06
1.6970e+01     8.2340e+05     1.5055e+06
1.6980e+01     8.3860e+05     1.5333e+06
1.6990e+01     8.5407e+05     1.5616e+06
1.7000e+01     8.6983e+05     1.5905e+06
1.7010e+01     8.8588e+05     1.6198e+06
1.7020e+01     9.0223e+05     1.6498e+06
1.7030e+01     9.1888e+05     1.6802e+06
1.7040e+01     9.3583e+05     1.7113e+06
1.7050e+01     9.5311e+05     1.7429e+06
1.7060e+01     9.7069e+05     1.7751e+06
1.7070e+01     9.8861e+05     1.8079e+06
1.7080e+01     1.0069e+06     1.8413e+06
1.7090e+01     1.0254e+06     1.8753e+06
1.7100e+01     1.0444e+06     1.9100e+06
1.7110e+01     1.0636e+06     1.9453e+06
1.7120e+01     1.0833e+06     1.9812e+06
1.7130e+01     1.1033e+06     2.0178e+06
1.7140e+01     1.1236e+06     2.0551e+06
1.7150e+01     1.1444e+06     2.0931e+06
1.7160e+01     1.1655e+06     2.1317e+06
1.7170e+01     1.1870e+06     2.1711e+06
1.7180e+01     1.2089e+06     2.2113e+06
1.7190e+01     1.2312e+06     2.2521e+06
1.7200e+01     1.2540e+06     2.2937e+06
1.7210e+01     1.2771e+06     2.3361e+06
1.7220e+01     1.3007e+06     2.3793e+06
1.7230e+01     1.3247e+06     2.4233e+06
1.7240e+01     1.3492e+06     2.4681e+06
1.7250e+01     1.3741e+06     2.5137e+06
1.7260e+01     1.3994e+06     2.5601e+06
1.7270e+01     1.4253e+06     2.6075e+06
1.7280e+01     1.4516e+06     2.6557e+06
1.7290e+01     1.4784e+06     2.7047e+06
1.7300e+01     1.5057e+06     2.7547e+06
1.7310e+01     1.5335e+06     2.8057e+06
1.7320e+01     1.5618e+06     2.8575e+06
1.7330e+01     1.5906e+06     2.9103e+06
1.7340e+01     1.6200e+06     2.9641e+06
1.7350e+01     1.6499e+06     3.0189e+06
1.7360e+01     1.6804e+06     3.0747e+06
1.7370e+01     1.7114e+06     3.1316e+06
1.7380e+01     1.7430e+06     3.1895e+06
1.7390e+01     1.7752e+06     3.2484e+06
1.7400e+01     1.8080e+06     3.3085e+06
1.7410e+01     1.8414e+06     3.3696e+06
1.7420e+01     1.8754e+06     3.4319e+06
1.7430e+01     1.9100e+06     3.4954e+06
1.7440e+01     1.9453e+06     3.5600e+06
1.7450e+01     1.9812e+06     3.6258e+06
1.7460e+01     2.0178e+06     3.6929e+06
1.7470e+01     2.0551e+06     3.7612e+06
1.7480e+01     2.0931e+06     3.8307e+06
1.7490e+01     2.1317e+06     3.9015e+06
1.7500e+01     2.1711e+06     3.9737e+06
1.7510e+01     2.2112e+06     4.0471e+06
1.7520e+01     2.2520e+06     4.1220e+06
1.7530e+01     2.2936e+06     4.1982e+06
1.7540e+01     2.3360e+06     4.2758e+06
1.7550e+01     2.3792e+06     4.3549e+06
1.7560e+01     2.4231e+06     4.4354e+06
1.7570e+01     2.4679e+06     4.5175e+06
1.7580e+01     2.5135e+06     4.6010e+06
1.7590e+01     2.5599e+06     4.6861e+06
1.7600e+01     2.6072e+06     4.7727e+06
1.7610e+01     2.6554e+06     4.8610e+06
1.7620e+01     2.7044e+06     4.9509e+06
1.7630e+01     2.7544e+06     5.0425e+06
1.7640e+01     2.8053e+06     5.1357e+06
1.7650e+01     2.8571e+06     5.2307e+06
1.7660e+01     2.9099e+06     5.3275e+06
1.7670e+01     2.9637e+06     5.4260e+06
1.7680e+01     3.0184e+06     5.5264e+06
1.7690e+01     3.0742e+06     5.6286e+06
1.7700e+01     3.1310e+06     5.7327e+06
1.7710e+01     3.1889e+06     5.8387e+06
1.7720e+01     3.2478e+06     5.9467e+06
1.7730e+01     3.3078e+06     6.0568e+06
1.7740e+01     3.3689e+06     6.1688e+06
1.7750e+01     3.4312e+06     6.2829e+06
1.7760e+01     3.4946e+06     6.3991e+06
1.7770e+01     3.5592e+06     6.5175e+06
1.7780e+01     3.6249e+06     6.6381e+06
1.7790e+01     3.6919e+06     6.7609e+06
1.7800e+01     3.7602e+06     6.8860e+06
1.7810e+01     3.8297e+06     7.0134e+06
1.7820e+01     3.9004e+06     7.1431e+06
1.7830e+01     3.9725e+06     7.2753e+06
1.7840e+01     4.0460e+06     7.4099e+06
1.7850e+01     4.1207e+06     7.5470e+06
1.7860e+01     4.1969e+06     7.6866e+06
1.7870e+01     4.2745e+06     7.8288e+06
1.7880e+01     4.3535e+06     7.9737e+06
1.7890e+01     4.4340e+06     8.1212e+06
1.7900e+01     4.5159e+06     8.2715e+06
1.7910e+01     4.5994e+06     8.4245e+06
1.7920e+01     4.6844e+06     8.5804e+06
1.7930e+01     4.7710e+06     8.7392e+06
1.7940e+01     4.8592e+06     8.9009e+06
1.7950e+01     4.9490e+06     9.0656e+06
1.7960e+01     5.0405e+06     9.2334e+06
1.7970e+01     5.1337e+06     9.4043e+06
1.7980e+01     5.2286e+06     9.5783e+06
1.7990e+01     5.3253e+06     9.7555e+06
1.8000e+01     5.4238e+06     9.9361e+06
1.8010e+01     5.5240e+06     1.0120e+07
1.8020e+01     5.6262e+06     1.0307e+07
1.8030e+01     5.7302e+06     1.0498e+07
1.8040e+01     5.8361e+06     1.0692e+07
1.8050e+01     5.9440e+06     1.0890e+07
1.8060e+01     6.0540e+06     1.1092e+07
1.8070e+01     6.1659e+06     1.1297e+07
1.8080e+01     6.2799e+06     1.1506e+07
1.8090e+01     6.3960e+06     1.1719e+07
1.8100e+01     6.5143e+06     1.1936e+07
1.8110e+01     6.6348e+06     1.2157e+07
1.8120e+01     6.7575e+06     1.2382e+07
1.8130e+01     6.8824e+06     1.2611e+07
1.8140e+01     7.0097e+06     1.2845e+07
1.8150e+01     7.1393e+06     1.3082e+07
1.8160e+01     7.2714e+06     1.3325e+07
1.8170e+01     7.4058e+06     1.3571e+07
1.8180e+01     7.5428e+06     1.3823e+07
1.8190e+01     7.6823e+06     1.4078e+07
1.8200e+01     7.8244e+06     1.4339e+07
1.8210e+01     7.9691e+06     1.4604e+07
1.8220e+01     8.1165e+06     1.4875e+07
1.8230e+01     8.2666e+06     1.5150e+07
1.8240e+01     8.4195e+06     1.5431e+07
1.8250e+01     8.5752e+06     1.5716e+07
1.8260e+01     8.7339e+06     1.6007e+07
1.8270e+01     8.8954e+06     1.6304e+07
1.8280e+01     9.0600e+06     1.6606e+07
1.8290e+01     9.2275e+06     1.6913e+07
1.8300e+01     9.3982e+06     1.7226e+07
1.8310e+01     9.5721e+06     1.7545e+07
1.8320e+01     9.7492e+06     1.7870e+07
1.8330e+01     9.9295e+06     1.8201e+07
1.8340e+01     1.0113e+07     1.8538e+07
1.8350e+01     1.0300e+07     1.8881e+07
1.8360e+01     1.0491e+07     1.9231e+07
1.8370e+01     1.0685e+07     1.9587e+07
1.8380e+01     1.0883e+07     1.9950e+07
1.8390e+01     1.1084e+07     2.0319e+07
1.8400e+01     1.1289e+07     2.0695e+07
1.8410e+01     1.1498e+07     2.1079e+07
1.8420e+01     1.1711e+07     2.1469e+07
1.8430e+01     1.1927e+07     2.1867e+07
1.8440e+01     1.2148e+07     2.2272e+07
1.8450e+01     1.2373e+07     2.2684e+07
1.8460e+01     1.2602e+07     2.3104e+07
1.8470e+01     1.2835e+07     2.3532e+07
1.8480e+01     1.3072e+07     2.3968e+07
1.8490e+01     1.3314e+07     2.4412e+07
1.8500e+01     1.3561e+07     2.4864e+07
1.8510e+01     1.3812e+07     2.5325e+07
1.8520e+01     1.4067e+07     2.5794e+07
1.8530e+01     1.4327e+07     2.6272e+07
1.8540e+01     1.4593e+07     2.6758e+07
1.8550e+01     1.4863e+07     2.7254e+07
1.8560e+01     1.5138e+07     2.7759e+07
1.8570e+01     1.5418e+07     2.8273e+07
1.8580e+01     1.5703e+07     2.8797e+07
1.8590e+01     1.5994e+07     2.9330e+07
1.8600e+01     1.6290e+07     2.9873e+07
1.8610e+01     1.6591e+07     3.0427e+07
1.8620e+01     1.6898e+07     3.0990e+07
1.8630e+01     1.7211e+07     3.1565e+07
1.8640e+01     1.7530e+07     3.2149e+07
1.8650e+01     1.7854e+07     3.2745e+07
1.8660e+01     1.8185e+07     3.3352e+07
1.8670e+01     1.8521e+07     3.3969e+07
1.8680e+01     1.8864e+07     3.4599e+07
1.8690e+01     1.9213e+07     3.5240e+07
1.8700e+01     1.9569e+07     3.5893e+07
1.8710e+01     1.9931e+07     3.6558e+07
1.8720e+01     2.0300e+07     3.7235e+07
1.8730e+01     2.0676e+07     3.7925e+07
1.8740e+01     2.1059e+07     3.8628e+07
1.8750e+01     2.1449e+07     3.9343e+07
1.8760e+01     2.1846e+07     4.0072e+07
1.8770e+01     2.2250e+07     4.0815e+07
1.8780e+01     2.2662e+07     4.1571e+07
1.8790e+01     2.3081e+07     4.2342e+07
1.8800e+01     2.3509e+07     4.3126e+07
1.8810e+01     2.3944e+07     4.3925e+07
1.8820e+01     2.4387e+07     4.4739e+07
1.8830e+01     2.4839e+07     4.5568e+07
1.8840e+01     2.5299e+07     4.6413e+07
1.8850e+01     2.5767e+07     4.7273e+07
1.8860e+01     2.6244e+07     4.8149e+07
1.8870e+01     2.6730e+07     4.9041e+07
1.8880e+01     2.7225e+07     4.9950e+07
1.8890e+01     2.7729e+07     5.0876e+07
1.8900e+01     2.8243e+07     5.1819e+07
1.8910e+01     2.8766e+07     5.2779e+07
1.8920e+01     2.9298e+07     5.3758e+07
1.8930e+01     2.9841e+07     5.4754e+07
1.8940e+01     3.0394e+07     5.5769e+07
1.8950e+01     3.0956e+07     5.6802e+07
1.8960e+01     3.1530e+07     5.7855e+07
1.8970e+01     3.2114e+07     5.8928e+07
1.8980e+01     3.2708e+07     6.0020e+07
1.8990e+01     3.3314e+07     6.1132e+07
1.9000e+01     3.3931e+07     6.2266e+07
1.9010e+01     3.4559e+07     6.3420e+07
1.9020e+01     3.5199e+07     6.4595e+07
1.9030e+01     3.5851e+07     6.5793e+07
1.9040e+01     3.6515e+07     6.7012e+07
1.9050e+01     3.7192e+07     6.8255e+07
1.9060e+01     3.7881e+07     6.9520e+07
1.9070e+01     3.8582e+07     7.0809e+07
1.9080e+01     3.9297e+07     7.2121e+07
1.9090e+01     4.0025e+07     7.3458e+07
1.9100e+01     4.0766e+07     7.4820e+07
1.9110e+01     4.1521e+07     7.6207e+07
1.9120e+01     4.2290e+07     7.7620e+07
1.9130e+01     4.3074e+07     7.9059e+07
1.9140e+01     4.3872e+07     8.0525e+07
1.9150e+01     4.4684e+07     8.2018e+07
1.9160e+01     4.5512e+07     8.3539e+07
1.9170e+01     4.6355e+07     8.5088e+07
1.9180e+01     4.7214e+07     8.6665e+07
1.9190e+01     4.8089e+07     8.8272e+07
1.9200e+01     4.8979e+07     8.9909e+07
1.9210e+01     4.9887e+07     9.1576e+07
1.9220e+01     5.0811e+07     9.3274e+07
1.9230e+01     5.1752e+07     9.5004e+07
1.9240e+01     5.2711e+07     9.6765e+07
1.9250e+01     5.3688e+07     9.8560e+07
1.9260e+01     5.4683e+07     1.0039e+08
1.9270e+01     5.5696e+07     1.0225e+08
1.9280e+01     5.6728e+07     1.0414e+08
1.9290e+01     5.7779e+07     1.0608e+08
1.9300e+01     5.8849e+07     1.0804e+08
1.9310e+01     5.9940e+07     1.1005e+08
1.9320e+01     6.1050e+07     1.1209e+08
1.9330e+01     6.2182e+07     1.1417e+08
1.9340e+01     6.3334e+07     1.1628e+08
1.9350e+01     6.4507e+07     1.1844e+08
1.9360e+01     6.5703e+07     1.2064e+08
1.9370e+01     6.6920e+07     1.2287e+08
1.9380e+01     6.8160e+07     1.2515e+08
1.9390e+01     6.9423e+07     1.2747e+08
1.9400e+01     7.0710e+07     1.2984e+08
1.9410e+01     7.2020e+07     1.3225e+08
1.9420e+01     7.3355e+07     1.3470e+08
1.9430e+01     7.4715e+07     1.3720e+08
1.9440e+01     7.6099e+07     1.3974e+08
1.9450e+01     7.7510e+07     1.4234e+08
1.9460e+01     7.8946e+07     1.4498e+08
1.9470e+01     8.0409e+07     1.4766e+08
1.9480e+01     8.1900e+07     1.5040e+08
1.9490e+01     8.3417e+07     1.5319e+08
1.9500e+01     8.4964e+07     1.5604e+08
1.9510e+01     8.6538e+07     1.5893e+08
1.9520e+01     8.8142e+07     1.6188e+08
1.9530e+01     8.9776e+07     1.6488e+08
1.9540e+01     9.1440e+07     1.6794e+08
1.9550e+01     9.3135e+07     1.7106e+08
1.9560e+01     9.4861e+07     1.7423e+08
1.9570e+01     9.6620e+07     1.7746e+08
1.9580e+01     9.8411e+07     1.8075e+08
1.9590e+01     1.0024e+08     1.8411e+08
1.9600e+01     1.0209e+08     1.8752e+08
1.9610e+01     1.0399e+08     1.9100e+08
1.9620e+01     1.0591e+08     1.9455e+08
1.9630e+01     1.0788e+08     1.9815e+08
1.9640e+01     1.0988e+08     2.0183e+08
1.9650e+01     1.1191e+08     2.0558e+08
1.9660e+01     1.1399e+08     2.0939e+08
1.9670e+01     1.1610e+08     2.1328e+08
1.9680e+01     1.1825e+08     2.1723e+08
1.9690e+01     1.2045e+08     2.2126e+08
1.9700e+01     1.2268e+08     2.2537e+08
1.9710e+01     1.2495e+08     2.2955e+08
1.9720e+01     1.2727e+08     2.3381e+08
1.9730e+01     1.2963e+08     2.3815e+08
1.9740e+01     1.3203e+08     2.4257e+08
1.9750e+01     1.3448e+08     2.4707e+08
1.9760e+01     1.3698e+08     2.5165e+08
1.9770e+01     1.3952e+08     2.5632e+08
1.9780e+01     1.4210e+08     2.6108e+08
1.9790e+01     1.4474e+08     2.6593e+08
1.9800e+01     1.4742e+08     2.7086e+08
1.9810e+01     1.5016e+08     2.7589e+08
1.9820e+01     1.5294e+08     2.8101e+08
1.9830e+01     1.5578e+08     2.8622e+08
1.9840e+01     1.5866e+08     2.9153e+08
1.9850e+01     1.6161e+08     2.9695e+08
1.9860e+01     1.6460e+08     3.0246e+08
1.9870e+01     1.6766e+08     3.0807e+08
1.9880e+01     1.7077e+08     3.1379e+08
1.9890e+01     1.7393e+08     3.1961e+08
1.9900e+01     1.7716e+08     3.2554e+08
1.9910e+01     1.8044e+08     3.3159e+08
1.9920e+01     1.8379e+08     3.3774e+08
1.9930e+01     1.8720e+08     3.4401e+08
1.9940e+01     1.9067e+08     3.5039e+08
1.9950e+01     1.9421e+08     3.5690e+08
1.9960e+01     1.9781e+08     3.6352e+08
1.9970e+01     2.0148e+08     3.7027e+08
1.9980e+01     2.0521e+08     3.7714e+08
1.9990e+01     2.0902e+08     3.8415e+08
